137.722295	6.205736616	154.3537162	-0.420354485
137.7821368	6.327065467	154.3081349	-0.82570117
137.8423284	6.448352559	154.2621386	-1.231120319
137.9032354	6.569524405	154.2152996	-1.636729071
137.9652231	6.690468175	154.1671897	-2.042692277
138.0286569	6.811030582	154.1173802	-2.449215672
138.0939018	6.931017338	154.0654416	-2.856539709
138.1613227	7.050193211	154.0109443	-3.264934063
138.2312845	7.168282655	153.9534575	-3.674692795
138.3041518	7.284971048	153.8925499	-4.086130179
138.3802892	7.39990652	153.8277894	-4.499577177
138.4600609	7.512702395	153.7587428	-4.915378565
138.543831	7.622940243	153.6849758	-5.333890697
138.6319582	7.730173545	153.6060622	-5.755479912
138.7245926	7.833931971	153.5219155	-6.18052151
138.8216157	7.933726076	153.4328851	-6.609399018
138.922891	8.029052125	153.3393409	-7.042503222
139.0282819	8.119396832	153.2416443	-7.480230595
139.1376517	8.204241981	153.1401467	-7.92298108
139.2508634	8.283068937	153.0351898	-8.371155196
139.3677799	8.355363049	152.9271041	-8.8251505
139.4882636	8.420617973	152.8162095	-9.285357401
139.6121772	8.478339901	152.702814	-9.75215434
139.7393825	8.528051737	152.5872143	-10.22590234
139.8697417	8.569297198	152.4696947	-10.70693894
140.0031162	8.601644869	152.3505276	-11.19557153
140.1393452	8.624692223	152.2298828	-11.69207009
140.2781389	8.638069558	152.1074028	-12.19665952
140.419162	8.641443782	151.9825387	-12.7095119
140.5620792	8.634521919	151.8547346	-13.23073934
140.7065553	8.6170543	151.7234274	-13.76038738
140.8522556	8.588837436	151.5880464	-14.29842917
140.9988455	8.549716592	151.4480131	-14.84476037
141.1459907	8.499588047	151.3027407	-15.39919479
141.2933575	8.43840106	151.1516335	-15.96146072
141.4406124	8.366159531	150.9940868	-16.53119809
141.5874225	8.282923376	150.8294864	-17.10795638
141.7334555	8.188809599	150.6572078	-17.69119338
141.8783796	8.083993071	150.4766161	-18.28027469
142.021856	7.96870701	150.2871014	-18.87447421
142.1635336	7.843243154	150.0881218	-19.47297536
142.3030613	7.707951609	149.8791634	-20.07487317
142.4400891	7.563240353	149.659737	-20.67917709
142.5742682	7.409574398	149.4293797	-21.28481456
142.7052511	7.24747459	149.1876573	-21.89063525
142.8326917	7.077516052	148.9341663	-22.49541598
142.9562446	6.900326249	148.6685364	-23.09786631
143.0755659	6.716582677	148.3904324	-23.69663478
143.1903125	6.527010153	148.099557	-24.29031571
143.3001421	6.3323777	147.7956528	-24.87745663
143.4047136	6.133495018	147.4785047	-25.45656621
143.5037041	5.931208512	147.1479618	-26.02612272
143.5969878	5.72639692	146.8041278	-26.58458294
143.6845586	5.519966665	146.4472566	-27.13039125
143.766412	5.312847129	146.0776152	-27.66198873
143.8425431	5.105985944	145.6954818	-28.17782213
143.9129465	4.90034428	145.3011452	-28.67635271
143.9776166	4.696892124	144.8949049	-29.15606493
144.036547	4.496603528	144.4770702	-29.61547512
144.0897307	4.300451795	144.0479602	-30.05313994
144.1371605	4.109404595	143.6079028	-30.46766489
144.1788283	3.924418973	143.1572347	-30.85771266
144.2147252	3.74643625	142.6963004	-31.22201156
144.2448424	3.576376776	142.2254521	-31.55936376
144.2693003	3.415134541	141.7452505	-31.86865369
144.2885408	3.26357175	141.2567553	-32.14885601
144.3030541	3.122513647	140.7610945	-32.39904311
144.3133296	2.992743838	140.2593866	-32.61839138
144.3198566	2.875000146	139.752739	-32.80618644
144.3231237	2.769971024	139.242247	-32.96182726
144.3236196	2.67829247	138.7289922	-33.08482916
144.321833	2.600545464	138.2140417	-33.17482574
144.3182526	2.537253887	137.6984472	-33.2315699
144.3133671	2.48888293	137.1832436	-33.25493375
144.3076658	2.455837963	136.6694488	-33.24490767
144.3016378	2.438463877	136.1580627	-33.20159835
144.2957655	2.437044868	135.6500513	-33.12522606
144.2904032	2.451804647	135.1461022	-33.01612094
144.2857977	2.482906964	134.6466687	-32.87471886
144.2821925	2.530456287	134.1521844	-32.70155691
144.2798314	2.594498539	133.6630693	-32.49726889
144.2789583	2.675021873	133.1797307	-32.26258082
144.2798173	2.771957492	132.7025628	-31.99830635
144.2826526	2.885180507	132.2319472	-31.70534227
144.2877087	3.014510838	131.7682531	-31.38466399
144.29523	3.159714158	131.3118374	-31.03732101
144.3054614	3.320502892	130.8630449	-30.66443242
144.3186478	3.496537261	130.4222089	-30.26718243
144.3350341	3.687426397	129.9896516	-29.8468158
144.3548917	3.892729521	129.5657154	-29.40463338
144.3786063	4.111957237	129.1508679	-28.94198751
144.4065953	4.344573045	128.7455981	-28.46027728
144.4392757	4.589995181	128.3503776	-27.96094345
144.4770646	4.847598828	127.9656617	-27.44546301
144.5203788	5.116718729	127.5918895	-26.91534345
144.5696343	5.39665219	127.2294847	-26.37211654
144.6252467	5.686662515	126.878856	-25.81733184
144.6876306	5.985982859	126.5403973	-25.25254979
144.7571996	6.293820534	126.2144884	-24.67933436
144.8343658	6.609361773	125.9014951	-24.0992454
144.9195397	6.931776968	125.6017698	-23.51383047
145.0131183	7.260226395	125.3156356	-22.92461632
145.1151526	7.593866388	125.0429338	-22.3331
145.2252968	7.931855694	124.7829712	-21.74073992
145.3431831	8.273361521	124.5350419	-21.14894768
145.4684434	8.617564993	124.2984571	-20.55908086
145.6007102	8.96366594	124.0725448	-19.97243695
145.7396159	9.310887062	123.856649	-19.39024828
145.8847941	9.658477464	123.6501303	-18.81367797
146.0358788	10.00571559	123.4523647	-18.24381677
146.1925054	10.35191156	123.2627443	-17.68168081
146.3543103	10.69640897	123.0806765	-17.12821021
146.5209315	11.03858609	122.9055843	-16.58426837
146.6920085	11.37785654	122.7369062	-16.05064218
146.867209	11.7136695	122.57413	-15.52804272
147.0463689	12.04550934	122.4169719	-15.01710675
147.2293897	12.37289508	122.2652348	-14.51839848
147.4161731	12.69537957	122.118722	-14.03241153
147.6066211	13.01254866	121.9772373	-13.55957099
147.8006358	13.32402036	121.8405849	-13.10023548
147.9981194	13.62944385	121.7085695	-12.65469928
148.1989745	13.92849857	121.5809962	-12.22319447
148.4031037	14.22089317	121.4576708	-11.80589308
148.61041	14.50636454	121.3383996	-11.40290926
148.8207967	14.78467677	121.2229894	-11.01430151
149.0341671	15.05562011	121.1112478	-10.64007478
149.250425	15.31900994	121.0029827	-10.28018277
149.4694591	15.5746857	120.8979781	-9.934530048
149.6911287	15.82250988	120.7959703	-9.60297431
149.9152906	16.06236693	120.6966891	-9.285328687
150.1418017	16.29416209	120.5998637	-8.981364166
150.3705196	16.51782021	120.5052225	-8.690812158
150.6013024	16.73328451	120.4124931	-8.413367197
150.8340088	16.94051523	120.3214026	-8.148689799
151.0684979	17.1394883	120.2316774	-7.896409471
151.3046299	17.33019391	120.1430434	-7.656127884
151.5422652	17.51263506	120.0552261	-7.427422226
151.7812652	17.68682602	119.9679503	-7.209848731
152.0214918	17.85279082	119.8809407	-7.002946398
152.2628191	18.0105616	119.7939482	-6.80624092
152.5052247	18.16017702	119.7069753	-6.619248756
152.7487431	18.30168069	119.6201632	-6.44148118
152.9934106	18.43511975	119.5336569	-6.272448042
153.2392643	18.56054372	119.4476037	-6.111661126
153.4863421	18.67800355	119.3621537	-5.958637097
153.7346831	18.78755086	119.2774591	-5.812900036
153.9843272	18.8892375	119.1936748	-5.673983576
154.2353153	18.98311522	119.1109579	-5.54143264
154.4876891	19.06923569	119.0294679	-5.414804793
154.7414915	19.14765064	118.9493668	-5.293671207
154.9967662	19.21841234	118.8708188	-5.177617248
155.2535578	19.28157416	118.7939904	-5.066242688
155.5118688	19.33719155	118.7189851	-4.959161566
155.7715862	19.38532302	118.6457335	-4.856001744
156.0325789	19.4260313	118.5741399	-4.756404361
156.2947176	19.45938443	118.5041125	-4.660023297
156.5578746	19.48545685	118.4355632	-4.566524712
156.8219239	19.50433041	118.3684076	-4.475586661
157.0867412	19.51609528	118.3025651	-4.386898781
157.3522042	19.52085095	118.2379587	-4.300162062
157.618192	19.51870703	118.1745153	-4.215088683
157.8845857	19.50978414	118.1121653	-4.131401944
158.1512682	19.49421463	118.050843	-4.048836253
158.418124	19.47214336	117.9904862	-3.967137214
158.6850359	19.44372835	117.9310367	-3.886061776
158.9518155	19.40914148	117.8724429	-3.805378465
159.21821	19.36856893	117.8146646	-3.724867688
159.4839663	19.32221154	117.7576726	-3.644322105
159.7488331	19.27028484	117.7014486	-3.563547042
160.0125615	19.2130188	117.6459847	-3.482360953
160.2749042	19.15065731	117.5912836	-3.400595901
160.5356162	19.08345742	117.5373578	-3.318098054
160.794454	19.01168823	117.4842293	-3.234728181
161.0511762	18.93562954	117.4319292	-3.15036214
161.3055429	18.85557017	117.3804971	-3.064891329
161.5573156	18.77180608	117.3299808	-2.978223123
161.8062576	18.68463806	117.2804353	-2.890281245
162.052193	18.59436928	117.2319288	-2.801006094
162.2951765	18.50130247	117.1845531	-2.710354992
162.5353143	18.40573717	117.1383963	-2.618302339
162.7727083	18.30796711	117.0935364	-2.524839655
163.0074565	18.20827775	117.0500413	-2.429975527
163.239653	18.10694414	117.0079691	-2.333735465
163.4693877	18.00422881	116.9673686	-2.236161685
163.696747	17.90037998	116.9282796	-2.137312847
163.9218136	17.79562991	116.8907332	-2.037263738
164.1446665	17.6901933	116.8547519	-1.936104935
164.3653812	17.584266	116.8203503	-1.833942442
164.5840299	17.47802375	116.7875348	-1.730897334
164.8006825	17.37162108	116.7563061	-1.627105389
165.015454	17.26519029	116.7267126	-1.522716737
165.2285176	17.1588407	116.6988656	-1.417895474
165.4400493	17.052658	116.6728758	-1.312819165
165.6502246	16.94670393	116.6488489	-1.207678192
165.8592181	16.84101622	116.6268863	-1.102674942
166.0672039	16.7356088	116.6070847	-0.998022819
166.2743551	16.63047233	116.5895367	-0.893945111
166.4808443	16.52557486	116.5743308	-0.79067369
166.6868431	16.42086293	116.5615517	-0.688447564
166.8925227	16.31626285	116.5512802	-0.587511265
167.098053	16.21168221	116.5435934	-0.488113095
167.3036037	16.10701175	116.5385651	-0.390503215
167.5093199	16.00212741	116.536238	-0.294931584
167.7151836	15.89689269	116.5364617	-0.201645798
167.9211056	15.79116103	116.5390027	-0.110888974
168.1269944	15.68477817	116.5436259	-0.02289787
168.3327564	15.57758443	116.5500947	0.062098697
168.538296	15.46941675	116.5581713	0.143881109
168.7435155	15.36011073	116.5676166	0.222239895
168.9483153	15.2495024	116.5781899	0.296976375
169.1525938	15.13742998	116.5896494	0.36790299
169.3562474	15.02373544	116.6017521	0.434843325
169.5591708	14.90826592	116.6142535	0.497631836
169.7612566	14.79087508	116.6269081	0.556113269
169.9623961	14.67142425	116.6394703	0.610141779
170.1624867	14.54978351	116.651782	0.659579768
170.361439	14.42583258	116.6638369	0.704296506
170.5591656	14.29946169	116.6756435	0.744166723
170.7555796	14.17057228	116.6872103	0.779069271
170.9505945	14.03907764	116.6985453	0.8088859
171.1441247	13.9049035	116.709657	0.83350016
171.3360849	13.76798848	116.7205537	0.852796411
171.5263907	13.62828447	116.7312435	0.86665896
171.7149582	13.48575701	116.7417351	0.87497133
171.9017043	13.34038547	116.7520371	0.87761564
172.0865464	13.19216327	116.7621583	0.874472134
172.2694028	13.04109798	116.7721078	0.865418825
172.4501909	12.88721131	116.7818919	0.850331287
172.6288135	12.73053913	116.7914861	0.829082573
172.8051645	12.57113127	116.8008496	0.801543246
172.9791384	12.40905139	116.8099437	0.767581486
173.1506302	12.24437656	116.8187322	0.727063278
173.3195358	12.07719684	116.8271818	0.67985267
173.4857515	11.90761478	116.8352614	0.625812109
173.6491741	11.73574466	116.8429424	0.564802878
173.8097014	11.56171178	116.8501986	0.496685618
173.9672317	11.38565153	116.8570061	0.421320959
174.1216638	11.20770841	116.8633433	0.338570259
174.2728973	11.02803484	116.8691909	0.248296456
174.4208325	10.84679	116.8745315	0.150365046
174.5654055	10.66413839	116.8793345	0.04464519
174.7066573	10.48024839	116.883524	-0.068989072
174.8446489	10.29529088	116.8870159	-0.190657515
174.9794415	10.10943781	116.8897261	-0.320472388
175.1110972	9.922861027	116.8915708	-0.458537034
175.239678	9.735731142	116.8924661	-0.604944464
175.3652466	9.548216527	116.8923282	-0.759775903
175.487866	9.360482427	116.8910733	-0.923099284
175.6075996	9.172690178	116.888618	-1.094967705
175.7245109	8.984996528	116.8848785	-1.275417834
175.838664	8.797553057	116.8797715	-1.464468274
175.9501231	8.610505702	116.8732133	-1.662117871
176.0589523	8.423994377	116.8651142	-1.868343984
176.1652138	8.238152675	116.8552771	-2.083100722
176.2689674	8.053107678	116.8434182	-2.306317237
176.370273	7.868979832	116.8292514	-2.537896208
176.46919	7.685882909	116.8124906	-2.777712584
176.5657783	7.503924043	116.79285	-3.025612607
176.6600971	7.323203839	116.7700437	-3.281413109
176.752206	7.143816547	116.743786	-3.544901104
176.8421641	6.965850313	116.713791	-3.815833649
176.9300308	6.789387492	116.679773	-4.093938011
177.0158652	6.61450502	116.6414462	-4.378912123
177.0997262	6.441274854	116.5985246	-4.67042534
177.1816728	6.269764474	116.5507222	-4.968119511
177.2617509	6.100037435	116.4977821	-5.271610357
177.3399516	5.932153963	116.4395707	-5.580489127
177.4162511	5.766171543	116.3759876	-5.894324455
177.4906257	5.602145448	116.3069335	-6.212664295
177.5630517	5.440129195	116.2323099	-6.535037914
177.6335051	5.280174916	116.1520191	-6.860957951
177.7019623	5.12233366	116.0659649	-7.189922549
177.7683991	4.966655604	115.974052	-7.521417557
177.8327919	4.813190186	115.8761866	-7.854918827
177.8951166	4.661986157	115.7722762	-8.189894607
177.9553496	4.513091546	115.66223	-8.525808037
178.0134671	4.366553537	115.5459589	-8.862119758
178.0694458	4.22241827	115.4233778	-9.198290648
178.123286	4.080730545	115.2945095	-9.533784666
178.1750194	3.941533477	115.1595205	-9.86807174
178.2246802	3.804868105	115.018588	-10.20063052
178.2723032	3.670773011	114.8718888	-10.53095093
178.3179231	3.539283934	114.7195997	-10.8585364
178.3615752	3.410433387	114.5618973	-11.18290602
178.4032949	3.284250269	114.398958	-11.50359628
178.4431177	3.160759488	114.2309579	-11.82016274
178.4810795	3.039981575	114.0580724	-12.13218144
178.5172162	2.921932303	113.8804767	-12.43925016
178.5515641	2.806622303	113.6983454	-12.7409894
178.5841592	2.694056681	113.5118525	-13.03704333
178.6150432	2.584234637	113.3211725	-13.32708044
178.6442887	2.477149092	113.1264881	-13.61079413
178.6719801	2.372786343	112.9279845	-13.88790311
178.6982017	2.271125788	112.7258456	-14.15815161
178.7230381	2.172139724	112.5202544	-14.42130947
178.7465736	2.075793219	112.3113928	-14.67717211
178.7688927	1.982044062	112.0994414	-14.92556031
178.7900796	1.890842796	111.8845798	-15.16631987
178.8102186	1.802132824	111.6669859	-15.39932116
178.8293938	1.715850599	111.4468366	-15.62445851
178.8476894	1.631925891	111.2243072	-15.84164955
178.8651891	1.550282142	110.9995717	-16.05083437
178.8819766	1.470836897	110.7728023	-16.25197457
178.8981123	1.393502321	110.5441325	-16.44505227
178.9136129	1.318185784	110.3136251	-16.63006902
178.9284907	1.244790447	110.0813339	-16.80704467
178.9427575	1.173215857	109.8473116	-16.97601642
178.9564255	1.103358504	109.6116091	-17.13703783
178.9695065	1.035112369	109.3742764	-17.29017802
178.9820122	0.968369449	109.1353617	-17.43552088
178.9939545	0.90302027	108.8949121	-17.57316444
179.0053451	0.838954386	108.652973	-17.70322023
179.0161955	0.776060868	108.4095885	-17.82581284
179.0265174	0.714228784	108.1648014	-17.94107948
179.0363222	0.653347673	107.9186528	-18.04916967
179.045617	0.593308015	107.6711855	-18.15024503
179.0543562	0.534001686	107.4224773	-18.24447909
179.0624607	0.475322366	107.1726288	-18.3320572
179.0698508	0.417165835	106.9217418	-18.41317646
179.0764471	0.359430137	106.6699182	-18.48804558
179.08217	0.30201561	106.4172604	-18.55688474
179.0869401	0.244824771	106.163871	-18.61992543
179.0906782	0.187762087	105.909853	-18.67741023
179.093305	0.130733595	105.6553097	-18.72959258
179.0947412	0.073646407	105.4003449	-18.77673648
179.0949078	0.01640809	105.1450623	-18.81911613
179.0937258	-0.04107409	104.8895663	-18.85701556
179.0911163	-0.098894031	104.6339612	-18.89072812
179.0870599	-0.157147782	104.3783574	-18.92055596
179.0816926	-0.215934571	104.1228794	-18.94680939
179.0751749	-0.275357745	103.8676534	-18.96980619
179.0676673	-0.335525476	103.6128048	-18.98987071
179.0593298	-0.39655121	103.3584582	-19.00733291
179.0503224	-0.458553844	103.1047374	-19.02252725
179.0408045	-0.521657629	102.8517656	-19.03579142
179.0309357	-0.585991809	102.5996651	-19.04746495
179.0208751	-0.651689973	102.3485577	-19.05788762
179.0107816	-0.718889139	102.0985643	-19.06739777
179.0008141	-0.787728551	101.8498054	-19.07633039
178.991131	-0.858348197	101.6024005	-19.08501508
178.9818805	-0.930887042	101.3564595	-19.09377381
178.9730206	-1.005481006	101.1119191	-19.10291853
178.9643407	-1.082260841	100.8685643	-19.11274877
178.955625	-1.161350133	100.6261764	-19.12354941
178.9466579	-1.242863584	100.3845381	-19.13558877
178.9372237	-1.326905577	100.1434334	-19.14911706
178.9271072	-1.413569036	99.90264795	-19.16436505
178.9160932	-1.502934571	99.66196853	-19.18154317
178.9039666	-1.595069914	99.42118336	-19.20084083
178.8905127	-1.690029628	99.18008199	-19.22242603
178.8755166	-1.787855111	98.93845527	-19.24644534
178.8587636	-1.888574869	98.69609531	-19.27302408
178.8400394	-1.992205078	98.45279555	-19.30226681
178.8191639	-2.098750411	98.20838271	-19.3342581
178.796118	-2.208205105	97.96283357	-19.36906353
178.7709291	-2.320554114	97.71616841	-19.40673074
178.743625	-2.435774219	97.46840757	-19.4472905
178.7142331	-2.55383504	97.21957148	-19.49075765
178.6827811	-2.674699947	96.96968067	-19.537132
178.6492971	-2.798326861	96.71875578	-19.58639906
178.6138088	-2.924668957	96.46681761	-19.63853074
178.5763445	-3.053675266	96.21388714	-19.69348596
178.5369324	-3.185291173	95.95998554	-19.75121109
178.495601	-3.319458813	95.70513417	-19.8116404
178.4523792	-3.456117372	95.44935465	-19.87469634
178.4072948	-3.595203288	95.19266679	-19.94028978
178.360346	-3.736650353	94.93502265	-20.00832011
178.3114941	-3.880389759	94.6762932	-20.07867541
178.2606981	-4.026350113	94.4163462	-20.15123263
178.207917	-4.17445747	94.15505107	-20.22585791
178.1531091	-4.324635374	93.89227886	-20.30240713
178.0962327	-4.476804933	93.62790222	-20.38072656
178.0372459	-4.630884904	93.36179541	-20.46065367
177.9761061	-4.78679181	93.0938342	-20.54201817
177.9127706	-4.94444008	92.82389593	-20.62464313
177.8471961	-5.103742221	92.55185944	-20.70834635
177.7793391	-5.264609017	92.27760507	-20.79294178
177.7091553	-5.42694977	92.00101467	-20.87824126
177.6366035	-5.590672568	91.72199938	-20.96405626
177.5616651	-5.755684592	91.44065865	-21.05019992
177.4843312	-5.921892439	91.15716982	-21.13648888
177.4045929	-6.089202445	90.87171135	-21.22274509
177.3224416	-6.257520993	90.58446252	-21.30879717
177.237869	-6.426754819	90.29560339	-21.39448166
177.1508669	-6.596811302	90.00531481	-21.47964385
177.0614276	-6.767598753	89.71377834	-21.56413839
176.9695436	-6.939026701	89.42117625	-21.64782966
176.8752077	-7.111006171	89.12769149	-21.73059177
176.7784131	-7.28344996	88.83350762	-21.81230842
176.6791535	-7.45627292	88.53880884	-21.89287234
176.5774229	-7.629392231	88.24377943	-21.9721846
176.4732305	-7.802727683	87.94853163	-22.05015355
176.3666154	-7.976201938	87.65302976	-22.12669365
176.2576206	-8.149740757	87.35721937	-22.20172423
176.1462891	-8.32327316	87.06104518	-22.27516831
176.0326642	-8.496731516	86.76445121	-22.3469516
175.9167894	-8.670051566	86.46738077	-22.41700153
175.7987084	-8.843172382	86.16977652	-22.48524649
175.6784651	-9.016036254	85.87158052	-22.55161516
175.5561035	-9.188588518	85.57273426	-22.61603594
175.4316682	-9.360777312	85.27317874	-22.67843657
175.3052035	-9.532553279	84.97285443	-22.73874385
175.1767544	-9.703869199	84.67170137	-22.7968835
175.0463612	-9.874679561	84.36966453	-22.85278014
174.9140189	-10.04494008	84.06674172	-22.90635744
174.7796963	-10.21460723	83.76296066	-22.95753833
174.6433612	-10.38363774	83.45834874	-23.00624525
174.5049813	-10.55198823	83.15293261	-23.05240042
174.3645235	-10.71961487	82.84673819	-23.09592612
174.2219548	-10.8864731	82.53979068	-23.13674492
174.0772415	-11.05251743	82.23211449	-23.17478007
173.9303493	-11.21770133	81.92373329	-23.20995573
173.7812437	-11.38197712	81.61466996	-23.24219737
173.6298898	-11.54529603	81.30494661	-23.27143208
173.4762519	-11.70760825	80.99458454	-23.297589
173.3202941	-11.86886313	80.68360429	-23.32059971
173.1619931	-12.02900937	80.37203807	-23.34039866
173.0013628	-12.18799533	80.05995326	-23.35692367
172.838423	-12.34576939	79.74742328	-23.37011638
172.6731928	-12.50228026	79.4345212	-23.37992261
172.5056906	-12.65747732	79.12131977	-23.38629281
172.335934	-12.81131094	78.80789134	-23.38918231
172.1639396	-12.96373282	78.49430786	-23.38855168
171.9897236	-13.11469628	78.1806408	-23.3843669
171.8133008	-13.26415664	77.86696119	-23.37659959
171.6346857	-13.41207154	77.5533395	-23.36522722
171.4538916	-13.55840126	77.23984567	-23.35023313
171.270931	-13.7031091	76.92654907	-23.33160675
171.0858165	-13.84616177	76.61351831	-23.30934355
170.8985867	-13.98752971	76.30081864	-23.28344512
170.7093052	-14.12718751	75.98851267	-23.25391916
170.518037	-14.26511424	75.67666314	-23.22077944
170.3248476	-14.40129365	75.36533311	-23.18404576
170.1298025	-14.53571447	75.05458598	-23.14374384
169.9329681	-14.66837045	74.74448545	-23.09990527
169.7344108	-14.79926049	74.43509558	-23.05256733
169.5341977	-14.92838857	74.12648082	-23.00177288
169.332396	-15.05576374	73.81870595	-22.94757015
169.1290737	-15.18139996	73.51183615	-22.89001253
168.9242988	-15.30531587	73.20593702	-22.82915834
168.7181402	-15.42753451	72.9010745	-22.76507053
168.51066	-15.54808298	72.59731001	-22.6978164
168.3018925	-15.66699202	72.29468463	-22.62746723
168.0918641	-15.78429555	71.99323326	-22.55409795
167.8806004	-15.90003016	71.69298968	-22.47778676
167.6681265	-16.01423468	71.39398657	-22.39861479
167.4544663	-16.12694965	71.09625546	-22.3166658
167.2396432	-16.23821683	70.79982682	-22.23202578
167.0236797	-16.3480787	70.50473003	-22.14478273
166.8065975	-16.45657793	70.2109934	-22.05502626
166.5884175	-16.56375689	69.91864421	-21.96284734
166.3691596	-16.66965712	69.62770869	-21.86833799
166.1488431	-16.77431878	69.33821203	-21.77159102
165.9274856	-16.87778014	69.05017875	-21.67269973
165.7050791	-16.98007707	68.76364437	-21.57175765
165.4815825	-17.08124248	68.47866032	-21.46885828
165.2569529	-17.18130591	68.19528005	-21.36409476
165.0311479	-17.28029315	67.91355797	-21.25755959
164.8041252	-17.378226	67.63354941	-21.14934418
164.5758428	-17.47512203	67.35531055	-21.03953845
164.3462593	-17.57099452	67.07889843	-20.92823036
164.1153336	-17.66585246	66.80437082	-20.81550532
163.8830248	-17.75970061	66.53178625	-20.70144565
163.6492925	-17.8525397	66.26120387	-20.58612986
163.4140969	-17.94436661	65.99268346	-20.46963195
163.1773983	-18.03517481	65.72628531	-20.35202061
162.939165	-18.12495467	65.46205657	-20.23335835
162.6994199	-18.21369405	65.19994343	-20.11370059
162.4582109	-18.30137873	64.93984642	-19.99309478
162.2155859	-18.38799296	64.68166565	-19.87157965
161.9715933	-18.47351987	64.42530103	-19.74918462
161.7262816	-18.55794188	64.17065237	-19.62592939
161.4796997	-18.64124099	63.91761941	-19.50182375
161.2318963	-18.72339909	63.66610182	-19.37686747
160.9829208	-18.80439818	63.41599928	-19.25105048
160.7328224	-18.88422055	63.16721151	-19.12435316
160.4816507	-18.96284885	62.91963825	-18.99674678
160.2294555	-19.04026621	62.67317934	-18.86819422
159.9762866	-19.11645623	62.42773516	-18.73865076
159.7221765	-19.1914029	62.18324876	-18.60806508
159.4671267	-19.26509061	61.93974014	-18.47638044
159.2111359	-19.33750396	61.69723746	-18.34353585
158.9542026	-19.40862781	61.45576896	-18.20946726
158.6963257	-19.47844718	61.21536293	-18.07410875
158.4375045	-19.54694727	60.9760477	-17.93739365
158.1777382	-19.61411349	60.7378516	-17.79925572
157.9170264	-19.67993153	60.50080295	-17.65963022
157.655369	-19.74438743	60.26493003	-17.51845507
157.3927661	-19.8074677	60.03026102	-17.3756719
157.1292178	-19.86915946	59.79682404	-17.23122711
156.8647247	-19.92945065	59.56464706	-17.08507302
156.5992899	-19.98833015	59.33376426	-16.93716883
156.3329411	-20.04578808	59.10428031	-16.78748171
156.0657208	-20.10181602	58.87634323	-16.63598776
155.7976709	-20.15640715	58.65010076	-16.48267278
155.5288321	-20.20955651	58.42569974	-16.3275329
155.2592441	-20.26126107	58.20328608	-16.17057503
154.9889457	-20.31151986	57.98300484	-16.01181702
154.7179745	-20.36033405	57.76500024	-15.85128774
154.4463672	-20.40770694	57.54941567	-15.68902691
154.1741593	-20.45364406	57.33639379	-15.52508476
153.9013853	-20.49815305	57.12607651	-15.35952149
153.6280784	-20.54124372	56.91860509	-15.1924065
153.3542709	-20.58292789	56.71412017	-15.02381754
153.0799959	-20.6232194	56.51273048	-14.85383957
152.8052919	-20.66213393	56.31444604	-14.68256349
152.5301982	-20.69968888	56.1192571	-14.51008485
152.2547532	-20.73590322	55.92715332	-14.33650251
151.9789949	-20.77079727	55.73812373	-14.16191738
151.7029606	-20.80439249	55.55215671	-13.98643119
151.426687	-20.83671118	55.36923994	-13.81014529
151.1502101	-20.86777619	55.1893604	-13.63315951
150.8735652	-20.89761065	55.01250433	-13.45557102
150.5967872	-20.9262375	54.83865719	-13.27747328
150.3199099	-20.95367923	54.66780368	-13.09895495
150.0429668	-20.97995736	54.49992765	-12.92009891
149.7659885	-21.00509206	54.33500987	-12.74098127
149.4889687	-21.02910166	54.17299113	-12.56167044
149.2118716	-21.05200217	54.01377994	-12.38222625
148.9346633	-21.07380693	53.8572862	-12.20269921
148.6573121	-21.09452623	53.70342226	-12.02312988
148.3797892	-21.11416708	53.55210294	-11.84354845
148.1020686	-21.13273299	53.40324552	-11.66397437
147.8241268	-21.1502239	53.25676975	-11.48441618
147.5459431	-21.16663608	53.11259787	-11.30487142
147.2674994	-21.18196215	52.97065458	-11.12532672
146.9887804	-21.1961911	52.83086707	-10.94575796
146.7097737	-21.20930846	52.69316503	-10.76613056
146.4304695	-21.22129637	52.55748066	-10.58639992
146.1508647	-21.2321338	52.42375853	-10.40651189
145.8709755	-21.24179678	52.2919886	-10.22640345
145.5908216	-21.25025862	52.16217193	-10.04600331
145.3104207	-21.25749013	52.03430792	-9.865232655
145.029789	-21.26345987	51.9083943	-9.684005801
144.7489404	-21.26813435	51.78442715	-9.502230913
144.467887	-21.27147829	51.66240085	-9.319810727
144.1866392	-21.27345485	51.54230815	-9.136643282
143.9052052	-21.27402584	51.42414012	-8.952622685
143.6235914	-21.27315202	51.30788618	-8.767639898
143.3418024	-21.27079339	51.19353406	-8.581583565
143.0598407	-21.26690943	51.08106985	-8.394340871
142.777706	-21.26145947	50.97047764	-8.20579845
142.4953556	-21.25440307	50.86172193	-8.015843337
142.2126847	-21.24570038	50.7547375	-7.824363999
141.9295775	-21.23531281	50.6494507	-7.631251465
141.6459117	-21.22320376	50.54578129	-7.436400606
141.3615583	-21.20933963	50.44364241	-7.239711563
141.0763819	-21.19369108	50.34294049	-7.04109134
140.7902403	-21.17623451	50.24357524	-6.84045559
140.5029844	-21.15695379	50.14543947	-6.637730586
140.2144583	-21.13584229	50.04841908	-6.432855397
139.9244991	-21.11290517	49.95239284	-6.225784293
139.6329369	-21.08816195	49.85723231	-6.016489367
139.3395942	-21.06164943	49.7628016	-5.804963415
139.0443668	-21.03342479	49.66903408	-5.591223049
138.7476663	-21.00356909	49.57635594	-5.375311958
138.4501179	-20.97219031	49.48539859	-5.157303913
138.152357	-20.93942585	49.39680483	-4.937305043
137.8550289	-20.90544398	49.31122869	-4.715455169
137.5587891	-20.8704444	49.22933559	-4.491928161
137.2643031	-20.83465768	49.15180249	-4.266931287
136.9722467	-20.79834381	49.07931794	-4.040703532
136.6833058	-20.76178958	49.01258207	-3.813512877
136.3981766	-20.725305	48.95230647	-3.585652494
136.1175649	-20.68921857	48.89921409	-3.357435853
135.8421862	-20.65387142	48.85403903	-3.129190706
135.5727617	-20.6196104	48.81752234	-2.901251928
135.3095445	-20.58678001	48.78991941	-2.673953252
135.0518532	-20.55571371	48.77051487	-2.447618348
134.7988959	-20.52672541	48.75847972	-2.222552192
134.5498792	-20.50010207	48.75298505	-1.999033521
134.3040088	-20.47609745	48.75320216	-1.777308544
134.0604893	-20.45492703	48.75830273	-1.557585943
133.8185243	-20.43676419	48.767459	-1.340033142
133.5773168	-20.42173755	48.77984397	-1.124773839
133.3360693	-20.40992954	48.79463161	-0.911886814
133.0939842	-20.40137612	48.81099721	-0.701405981
132.8502637	-20.39606775	48.82811764	-0.493321707
132.6041106	-20.39395153	48.84517178	-0.287583381
132.3547702	-20.39493447	48.86138606	-0.084103222
132.1020065	-20.39888797	48.87655296	0.117238768
131.8459435	-20.40565287	48.89085417	0.31658917
131.5867243	-20.41504466	48.90448793	0.51411547
131.3245043	-20.42685841	48.91766206	0.710000665
131.0594518	-20.44087347	48.93059409	0.904438238
130.7917485	-20.45685782	48.94351137	1.097627491
130.5215887	-20.47457209	48.95665115	1.289769271
130.2491805	-20.49377331	48.97026052	1.481062087
129.9747449	-20.51421821	48.98459634	1.671698624
129.6985163	-20.5356662	48.99992511	1.861862689
129.4207422	-20.55788201	49.01652267	2.051726566
129.1416829	-20.5806378	49.0346739	2.241448827
128.8616147	-20.60371501	49.05467413	2.431172581
128.580821	-20.62690562	49.07681897	2.621024188
128.2995625	-20.65001311	49.10138244	2.811112439
128.0180739	-20.67285285	49.12861386	3.001528173
127.736563	-20.69525225	49.15873763	3.192344311
127.4552107	-20.71705042	49.19195315	3.383616252
127.1741711	-20.73809764	49.22843477	3.575382597
126.8935714	-20.75825454	49.26833197	3.767666163
126.6135124	-20.77739105	49.31176951	3.960475235
126.3340685	-20.7953852	49.35884769	4.153805033
126.0552877	-20.81212185	49.40964263	4.34763934
125.7771925	-20.82749129	49.46420659	4.541952257
125.4997784	-20.84138782	49.52256532	4.736710061
125.2229968	-20.85370836	49.58466689	4.931873088
124.9467759	-20.86435116	49.65040406	5.127397604
124.6710488	-20.87321455	49.71967398	5.32323753
124.3957548	-20.88019591	49.7923803	5.519346024
124.1208388	-20.88519077	49.86843307	5.715676879
123.8462517	-20.88809196	49.94774871	5.912185783
123.5719503	-20.88878902	50.03024988	6.108831426
123.2978967	-20.8871676	50.1158655	6.305576487
123.024059	-20.88310903	50.20453067	6.502388491
122.7504107	-20.87649	50.29618667	6.699240559
122.4769308	-20.86718232	50.39078094	6.896112063
122.2036041	-20.85505279	50.48826705	7.092989189
121.9304064	-20.83996308	50.58859198	7.289865417
121.6572491	-20.82176985	50.69164605	7.486741919
121.3840285	-20.8003249	50.79730632	7.683627824
121.1106478	-20.77547558	50.90545589	7.880540309
120.8370173	-20.74706541	51.01598386	8.077504503
120.5630539	-20.71493494	51.12878536	8.274553205
120.2886816	-20.67892278	51.24376155	8.471726441
120.013831	-20.63886688	51.36081966	8.669070845
119.7384402	-20.59460598	51.47987303	8.866638897
119.462454	-20.54598125	51.60084117	9.064488011
119.1858245	-20.49283812	51.72364979	9.262679482
118.908511	-20.43502827	51.84823095	9.461277314
118.6304836	-20.3724118	51.97452444	9.660346919
118.3518467	-20.30485953	52.10252798	9.859953721
118.0728709	-20.23225531	52.23231147	10.0601617
117.7938394	-20.15449818	52.36395633	10.26103199
117.5150377	-20.07150417	52.49755129	10.46262154
117.2367532	-19.98320784	52.63319247	10.66498195
116.9592755	-19.88956339	52.77098333	10.86815837
116.6828958	-19.79054549	52.9110347	11.07218861
116.4079068	-19.6861497	53.05346472	11.27710236
116.1346028	-19.57639264	53.19839883	11.48292055
115.8632796	-19.46131166	53.3459697	11.68965498
115.5942337	-19.34096434	53.49631715	11.89730801
115.3277629	-19.21542745	53.64958808	12.10587255
115.0641402	-19.08479569	53.80592504	12.31533219
114.803456	-18.94918004	53.96539444	12.52566158
114.5457197	-18.80870596	54.12802589	12.73682688
114.2909393	-18.6635116	54.29384574	12.94878636
114.0391207	-18.51374606	54.46287725	13.161491
113.7902683	-18.35956775	54.63514063	13.37488507
113.5443851	-18.20114288	54.81065308	13.5889068
113.3014724	-18.03864394	54.98942889	13.803489
113.06153	-17.87224839	55.1714794	14.01855976
112.8245565	-17.70213731	55.35681315	14.23404307
112.5905489	-17.52849423	55.54543583	14.44985955
112.359503	-17.35150398	55.73735041	14.6659271
112.131413	-17.17135167	55.93255704	14.88216157
111.9062656	-16.98822168	56.13103836	15.09847746
111.6840316	-16.80229682	56.33274353	15.31478855
111.4646793	-16.61375751	56.53761745	15.53100852
111.2481759	-16.42278111	56.74560507	15.74705145
111.0344879	-16.22954134	56.95665142	15.96283225
110.8235809	-16.0342078	57.17070166	16.17826706
110.6154196	-15.83694558	57.3877012	16.39327345
110.4099681	-15.63791502	57.60759566	16.60777067
110.2071897	-15.4372715	57.83033102	16.82167973
110.007047	-15.23516539	58.05585359	17.03492345
109.8095021	-15.03174201	58.28411013	17.24742643
109.6145162	-14.82714177	58.51504784	17.45911495
109.4220531	-14.62150033	58.74861696	17.66991676
109.2321086	-14.4149489	58.98479445	17.8797609
109.0446977	-14.2076145	59.22357252	18.0885774
108.8598355	-13.99962036	59.46494257	18.29629702
108.6775367	-13.79108621	59.70889494	18.50285093
108.4978161	-13.58212858	59.95541903	18.70817052
108.3206883	-13.37286116	60.20450326	18.91218707
108.1461676	-13.16339504	60.45613514	19.11483159
107.9742681	-12.95383901	60.7103013	19.31603447
107.805004	-12.74429982	60.9669875	19.51572537
107.6383892	-12.5348824	61.2261787	19.7138329
107.4744374	-12.32569009	61.48785906	19.91028447
107.3131625	-12.11682482	61.752012	20.10500604
107.1545785	-11.90838728	62.01862927	20.29792198
106.9987015	-11.70047703	62.28772942	20.48895484
106.8455479	-11.49319266	62.55933586	20.67802526
106.6951347	-11.28663177	62.83347172	20.86505189
106.5474786	-11.08089107	63.11015991	21.04995142
106.4025968	-10.87606631	63.38942305	21.23263868
106.2605068	-10.67225227	63.67128355	21.41302681
106.121226	-10.4695426	63.95576357	21.59102751
105.9847722	-10.2680297	64.24288502	21.76655142
105.8511634	-10.06780449	64.53266959	21.93950849
105.7204178	-9.868956165	64.82513875	22.10980857
105.5925535	-9.671571879	65.12031374	22.27736195
105.4675872	-9.475736358	65.41821293	22.44208006
105.3454861	-9.281531486	65.7187922	22.60387629
105.2261677	-9.089035861	66.02194218	22.76266674
105.1095473	-8.89832441	66.3275468	22.918371
104.9955398	-8.709468087	66.63548604	23.07091277
104.8840603	-8.522533678	66.94563601	23.22022043
104.7750235	-8.337583687	67.25786894	23.36622737
104.6683438	-8.15467633	67.57205329	23.50887229
104.563936	-7.973865617	67.88805372	23.64809935
104.4617142	-7.795201521	68.20573119	23.78385811
104.361593	-7.618730252	68.52494299	23.9161034
104.2634864	-7.444494603	68.84554278	24.04479501
104.1673085	-7.272534405	69.16738068	24.16989724
104.0729898	-7.102887052	69.49032877	24.29137823
103.9805309	-6.935588106	69.81436748	24.40920928
103.8899519	-6.770671895	70.13950825	24.52336402
103.8012727	-6.608172065	70.46576442	24.63381768
103.7145138	-6.448122046	70.79315117	24.74054646
103.6296957	-6.290555441	71.12168554	24.843527
103.5468389	-6.135506323	71.45138642	24.94273593
103.4659645	-5.983009459	71.7822745	25.03814953
103.3870933	-5.833100438	72.11437232	25.12974353
103.3102468	-5.685815716	72.44770423	25.21749302
103.2354462	-5.541192578	72.78229638	25.30137242
103.1627133	-5.399269001	73.11817669	25.38135566
103.0920693	-5.260083437	73.45537451	25.4574164
103.0235192	-5.123674504	73.79390435	25.52952843
102.9570448	-4.990080598	74.13375891	25.59766617
102.8926267	-4.859339461	74.47492966	25.66180523
102.8302456	-4.731487718	74.81740848	25.72192312
102.7698825	-4.606560373	75.16118762	25.77799991
102.7115187	-4.484590289	75.5062597	25.83001911
102.6551356	-4.36560763	75.85261767	25.87796848
102.600715	-4.249639267	76.20025481	25.92184102
102.5482385	-4.136708157	76.5491647	25.96163596
102.4976882	-4.026832685	76.89934121	25.9973599
102.4490463	-3.92002597	77.25077845	26.02902795
102.4022951	-3.816295136	77.60347079	26.056665
102.3574106	-3.715640551	77.95739926	26.08030701
102.3143182	-3.618055032	78.31243742	26.10000244
102.2729193	-3.523523078	78.6684064	26.11581353
102.2331152	-3.432020158	79.02512503	26.12781755
102.1948071	-3.343512098	79.38241022	26.13610773
102.157896	-3.257954549	79.740077	26.14079412
102.1222831	-3.175292561	80.0979386	26.14200412
102.0878693	-3.095460242	80.45580647	26.13988283
102.0545557	-3.018380517	80.81349036	26.13459322
102.022243	-2.943964986	81.17079839	26.12631601
101.9908322	-2.872113877	81.5275371	26.11524933
101.9602239	-2.8027161	81.88351152	26.10160816
101.9303191	-2.735649413	82.23852584	26.08562351
101.9010353	-2.670780674	82.59244783	26.06754133
101.8723217	-2.607966204	82.94526919	26.04762127
101.844131	-2.547052193	83.29699774	26.02613531
101.816416	-2.487875159	83.64764361	26.00336647
101.7891294	-2.430262431	83.99721921	25.97960755
101.762224	-2.374032678	84.34573921	25.95515987
101.7356524	-2.318996479	84.69322043	25.93033211
101.7093674	-2.264956931	85.03968183	25.90543916
101.6833217	-2.211710321	85.38514444	25.88080102
101.6574681	-2.159046837	85.72963136	25.8567417
101.6317592	-2.10675135	86.07316766	25.83358822
101.6061477	-2.054604246	86.41578037	25.81166952
101.5805916	-2.002382339	86.75750015	25.79131556
101.5551083	-1.949859828	87.09837864	25.77285624
101.5297545	-1.896809284	87.43847885	25.75662053
101.5045876	-1.843002583	87.77786143	25.74293557
101.4796651	-1.788211772	88.11658445	25.73212578
101.4550442	-1.732209854	88.45470344	25.72451211
101.4307825	-1.674771509	88.79227132	25.72041123
101.4069372	-1.615673743	89.12933851	25.72013479
101.3835657	-1.554696482	89.46595286	25.72398868
101.3607252	-1.491623107	89.80215973	25.73227226
101.3384731	-1.42624094	90.13800193	25.74527759
101.3168664	-1.358341679	90.47351982	25.76328869
101.2959623	-1.287721798	90.80875123	25.78658067
101.2758143	-1.214182903	91.14374198	25.81541891
101.2564646	-1.13753206	91.47857091	25.85005811
101.2379527	-1.057582118	91.8133242	25.89074142
101.2203181	-0.974152012	92.14808832	25.93769951
101.2036002	-0.887067094	92.48295008	25.99114966
101.187838	-0.796159458	92.81799655	26.05129485
101.1730706	-0.701268287	93.15331505	26.11832288
101.1593368	-0.602240219	93.48899312	26.19240548
101.1466754	-0.498929733	93.8251185	26.27369737
101.1351249	-0.391199557	94.16177912	26.36233536
101.1247237	-0.278921111	94.49906305	26.45843744
101.1155102	-0.16197498	94.83705848	26.5621018
101.1075243	-0.040251416	95.17585708	26.67340591
101.100843	0.08634912	95.51561464	26.79240553
101.0955759	0.217915421	95.8565447	26.91913378
101.0918337	0.354525031	96.19886317	27.05360037
101.089727	0.496243812	96.54278623	27.19579093
101.0893659	0.64312558	96.88853033	27.34566657
101.0908606	0.795211802	97.23631218	27.50316363
101.0943213	0.952531371	97.58634875	27.66819357
101.0998579	1.115100436	97.93885725	27.84064306
101.1075805	1.282922297	98.29405517	28.02037425
101.1175992	1.455987372	98.65216026	28.20722526
101.130024	1.634273221	99.01339058	28.40101085
101.1449654	1.817744635	99.37796447	28.60152322
101.1625269	2.00635379	99.74607704	28.8085331
101.1827779	2.200040457	100.1178117	29.02179097
101.2057785	2.398732244	100.4932188	29.24102835
101.2315888	2.602344831	100.8723482	29.4659591
101.2602696	2.810782203	101.2552502	29.69628067
101.291882	3.023936873	101.6419746	29.93167534
101.3264877	3.241690101	102.0325716	30.17181134
101.3641487	3.463912109	102.4270912	30.41634405
101.404928	3.690462301	102.8255836	30.66491712
101.4488889	3.921189488	103.2280992	30.91716357
101.4960956	4.155932116	103.6346886	31.17270691
101.5466128	4.394518515	104.0454027	31.4311623
101.6005064	4.636767165	104.4602919	31.69213759
101.6578438	4.882486977	104.8793734	31.95523454
101.7186949	5.131477613	105.3026156	32.22004991
101.7831297	5.383529836	105.7299861	32.48617657
101.851218	5.638425902	106.1614557	32.7532045
101.9230296	5.89594	106.5969986	33.02072168
101.9986341	6.155838741	107.0365921	33.28831504
102.0781007	6.417881705	107.4802169	33.55557119
102.1614984	6.681822045	107.9278567	33.82207724
102.2488954	6.947407156	108.3794984	34.08742158
102.3403596	7.214379415	108.8351316	34.35119461
102.4359581	7.482476991	109.2947492	34.6129895
102.5357571	7.751434733	109.7583467	34.87240298
102.6398124	8.020985142	110.2259166	35.12903614
102.7481143	8.290859409	110.6974136	35.3824953
102.8606253	8.560788474	111.172778	35.63239282
102.9773076	8.830504057	111.6519522	35.87834802
103.0981231	9.099739622	112.1348804	36.11998794
103.2230332	9.368231292	112.6215089	36.35694821
103.3519992	9.63571871	113.111786	36.5888739
103.4849819	9.901945857	113.6056621	36.8154203
103.6219416	10.16666183	114.1030895	37.03625385
103.7628384	10.42962158	114.6040222	37.25105301
103.9076317	10.69058661	115.1084165	37.45950924
104.0562806	10.9493257	115.6162304	37.66132797
104.2087435	11.20561549	116.1274233	37.85622972
104.3649481	11.45924121	116.6418804	38.0439512
104.5247585	11.70999718	117.1593277	38.22424646
104.6880303	11.95768736	117.6794668	38.39688787
104.8546184	12.20212564	118.2019939	38.56166685
105.0243765	12.44313605	118.7266	38.71839423
105.1971577	12.68055272	119.252971	38.86690038
105.3728142	12.91421973	119.7807878	39.0070349
105.5511973	13.14399084	120.3097262	39.1386661
105.7321574	13.36972896	120.839457	39.26168005
105.9155444	13.59130558	121.3696464	39.37597937
106.101207	13.80859997	121.8999556	39.4814816
106.2889935	14.02149824	122.4300414	39.57811731
106.4787581	14.22989229	122.9595721	39.66582773
106.6704489	14.43367859	123.488429	39.74456222
106.8640813	14.63275692	124.0166472	39.81427548
107.0596723	14.82702919	124.5442655	39.87492484
107.2572393	15.0163983	125.0713231	39.92646788
107.4568002	15.20076721	125.5978596	39.96886021
107.6583731	15.38003812	126.1239149	40.00205353
107.8619766	15.55411177	126.6495294	40.02599397
108.0676296	15.72288683	127.1747438	40.04062065
108.2753514	15.88625955	127.6995991	40.04586451
108.4851617	16.04412344	128.2241369	40.04164742
108.6970806	16.19636911	128.7483987	40.02788151
108.9111286	16.34288434	129.2724267	40.00446881
109.1273103	16.48355418	129.7962489	39.97130114
109.3455837	16.61826129	130.3198515	39.92826022
109.5658974	16.74688626	130.8432134	39.87521804
109.788199	16.86930813	131.3663133	39.8120374
110.0124354	16.98540483	131.8891304	39.73857263
110.2385526	17.09505372	132.4116436	39.65467046
110.4664955	17.19813219	132.933832	39.5601711
110.6962086	17.29451827	133.4556748	39.45490955
110.927635	17.38409133	133.977151	39.33871698
111.1607173	17.46673282	134.4982395	39.21142244
111.395397	17.54232704	135.0189195	39.07285466
111.631615	17.61076197	135.5391699	38.92284408
111.8693086	17.6719302	136.0589621	38.76122516
112.1083574	17.72572985	136.5781029	38.5878387
112.3485856	17.7720655	137.0962367	38.40253441
112.589816	17.81084909	137.612999	38.20517314
112.8318721	17.84200065	138.1280224	37.9956289
113.0745787	17.86544892	138.6409377	37.77379057
113.3177613	17.88113191	139.1513731	37.53956322
113.5612467	17.88899726	139.6589548	37.29286912
113.8048629	17.88900254	140.163307	37.03364849
114.048439	17.88111545	140.664052	36.76185978
114.2918055	17.86531384	141.1608104	36.47747979
114.5347944	17.84158573	141.6532009	36.18050328
114.777239	17.80992915	142.1408408	35.87094237
115.0189864	17.77035193	142.6233976	35.54882557
115.2599492	17.72287137	143.1008064	35.21419649
115.5000632	17.66751391	143.5730905	34.8671126
115.7392662	17.60431486	144.0402747	34.50764411
115.9774982	17.53331816	144.5023848	34.13587315
116.2147014	17.4545762	144.959448	33.75189329
116.4508201	17.36814976	145.4114928	33.35580932
116.6858008	17.27410795	145.8585489	32.94773731
116.919592	17.17252829	146.300647	32.52780507
117.1521444	17.06349685	146.7378195	32.09615276
117.3834106	16.94710844	147.1700997	31.65293395
117.6133454	16.82346691	147.5975223	31.19831684
117.8419054	16.6926855	148.0201205	30.7324859
118.0690476	16.55488733	148.437814	30.25564369
118.2947266	16.41020591	148.8503692	29.76801293
118.5188967	16.25878574	149.2575391	29.26983849
118.7415112	16.10078301	149.6590741	28.76138934
118.962523	15.93636635	150.0547221	28.24296023
119.1818844	15.76571764	150.4442286	27.71487328
119.399547	15.58903287	150.8273367	27.17747931
119.6154622	15.40652311	151.2037872	26.63115898
119.8295804	15.21841543	151.573319	26.07632378
120.0418519	15.02495397	151.9356686	25.5134167
120.2522262	14.82640099	152.2905709	24.94291274
120.4606526	14.62303795	152.637759	24.36531912
120.6670709	14.41516664	152.9769748	23.78117525
120.8713544	14.20311031	153.3080422	23.19105247
121.0733498	13.98721473	153.6308257	22.59555354
121.2729082	13.76784914	153.9451948	21.99531204
121.4698857	13.54540702	154.251023	21.39099164
121.6641426	13.32030678	154.5481882	20.78328525
121.8555438	13.09299214	154.8365728	20.17291414
122.0439579	12.86393253	155.116063	19.56062684
122.2292578	12.63362317	155.3865493	18.94719799
122.4113197	12.40258507	155.6479261	18.33342699
122.5900234	12.17136485	155.9000917	17.72013655
122.765252	11.94053434	156.1429481	17.10817108
122.9368907	11.71069005	156.3764005	16.4983949
123.1047115	11.48245238	156.6002649	15.89169024
123.2682263	11.25646454	156.8141512	15.28895496
123.4269121	11.03339088	157.0176434	14.69109979
123.580247	10.81391437	157.2103281	14.09904485
123.727709	10.59873326	157.3917937	13.51371538
123.8687758	10.38855678	157.5616294	12.93603678
124.0029235	10.18409996	157.719425	12.36692877
124.1296262	9.986077491	157.8647692	11.8072988
124.248355	9.795196647	157.9972493	11.2580346
124.358577	9.612149263	158.1164499	10.71999593
124.4597543	9.437602682	158.221952	10.19400533
124.5513428	9.272189712	158.3133318	9.680838171
124.6328944	9.116497562	158.3902585	9.181211607
124.7051249	8.971055954	158.4535236	8.695772934
124.7694877	8.836325323	158.5046297	8.225088064
124.8274452	8.712686378	158.5450893	7.769631371
124.8804597	8.60043163	158.5764152	7.329777534
124.9299953	8.499759017	158.6001234	6.905795435
124.9775197	8.410767594	158.6177342	6.49784414
125.0245055	8.333455301	158.6307736	6.105970939
125.0724312	8.267718819	158.6407741	5.730111465
125.1227811	8.213355505	158.6492751	5.370091898
125.1770457	8.170067437	158.6578223	5.025633254
125.2367206	8.137467567	158.6679676	4.696357788
125.3033057	8.115088007	158.6812674	4.381797522
125.3778925	8.102390402	158.6988804	4.081404854
125.4602591	8.098777971	158.7206844	3.794564842
125.5499179	8.103608043	158.7462978	3.520608028
125.6463772	8.116204021	158.7753354	3.258822742
125.7491418	8.135866426	158.8074079	3.008466573
125.8577133	8.161883002	158.842123	2.768776964
125.9715903	8.193537878	158.8790855	2.538980956
126.0902695	8.230119817	158.9178974	2.318304082
126.2132453	8.270929548	158.9581588	2.105978425
126.3400108	8.315286192	158.9994675	1.901249858
126.4700577	8.362532807	159.0414199	1.703384474
126.602877	8.412041051	159.083611	1.511674212
126.7379633	8.463214982	159.1256365	1.325441713
126.8749209	8.51549402	159.1671389	1.144044404
127.0134673	8.568355182	159.2078071	0.966877869
127.1533202	8.621314732	159.2473265	0.793378591
127.2941921	8.673929374	159.2853761	0.623026098
127.43579	8.725796969	159.3216285	0.45534453
127.577816	8.776556822	159.3557503	0.289903625
127.7199669	8.825889498	159.3874016	0.126319133
127.8619348	8.873516204	159.4162367	-0.035747357
128.0034074	8.9191977	159.4419042	-0.196589169
128.1440678	8.962732769	159.4640468	-0.356455872
128.2835955	9.003956224	159.482302	-0.515555203
128.4216663	9.042736456	159.4963025	-0.674055577
128.558022	9.078972528	159.5057572	-0.832089177
128.6927196	9.112590909	159.5107444	-0.989755537
128.8259133	9.143542099	159.5114545	-1.147125287
128.9577658	9.171797435	159.5080859	-1.304243749
129.0884476	9.197346197	159.5008443	-1.461134244
129.218137	9.220193033	159.4899423	-1.617801082
129.3470194	9.24035571	159.4755992	-1.77423223
129.4752876	9.257863218	159.458041	-1.93040164
129.6031412	9.272754222	159.4375001	-2.086271232
129.7307865	9.285075886	159.4142147	-2.241792521
129.8584368	9.294883065	159.3884295	-2.396907871
129.986312	9.302237894	159.3603953	-2.55155139
130.1146355	9.307209761	159.3303663	-2.705649419
130.2434864	9.309875665	159.2984771	-2.859120674
130.3727264	9.310320841	159.2646817	-3.011876096
130.5022002	9.308639393	159.2289193	-3.163818637
130.6317518	9.304934774	159.1911283	-3.314843128
130.7612248	9.299320073	159.1512465	-3.46483625
130.890462	9.291918085	159.1092103	-3.613676626
131.0193057	9.282861182	159.0649557	-3.761235034
131.1475974	9.272290972	159.0184174	-3.907374744
131.2751778	9.260357737	158.969529	-4.05195199
131.4018866	9.247219655	158.9182233	-4.194816564
131.5275629	9.233041803	158.8644317	-4.335812562
131.6520445	9.217994917	158.8080845	-4.474779263
131.7751898	9.202253939	158.7491224	-4.611552159
131.8970371	9.18599635	158.6875827	-4.74596412
132.0177125	9.169400453	158.6235499	-4.87784661
132.1373407	9.152643776	158.5571068	-5.007030878
132.2560436	9.135901657	158.4883344	-5.133349066
132.3739409	9.119346038	158.417312	-5.256635254
132.4911502	9.103144446	158.3441174	-5.376726432
132.6077867	9.087459156	158.2688267	-5.493463415
132.7239634	9.072446535	158.1915145	-5.606691698
132.8397911	9.058256552	158.1122538	-5.716262269
132.9553787	9.04503245	158.0311165	-5.822032373
133.0708327	9.032910581	157.9481727	-5.923866241
133.1862573	9.02202038	157.8634912	-6.021635789
133.3017175	9.012484493	157.7771193	-6.115221284
133.4172034	9.004418988	157.6890638	-6.204512016
133.5326957	8.997933594	157.599326	-6.289407011
133.6481748	8.993131895	157.5079071	-6.369815822
133.763621	8.990111458	157.4148073	-6.445659408
133.8790142	8.988963898	157.3200268	-6.516871106
133.994334	8.989774873	157.223565	-6.583397705
134.1095597	8.992624009	157.125421	-6.645200604
134.2246704	8.997584748	157.0255934	-6.702257085
134.339645	9.004724123	156.9240803	-6.754561674
134.454462	9.014102455	156.8208792	-6.80212761
134.5690996	9.025772972	156.7159875	-6.844988418
134.6835391	9.039781347	156.6094099	-6.883199583
134.7977996	9.056165155	156.5012547	-6.916840303
134.9119277	9.074953296	156.391704	-6.946015248
135.025972	9.096165402	156.2809436	-6.970856194
135.1399821	9.119811281	156.1691626	-6.991523471
135.2540087	9.14589037	156.0565526	-7.008207205
135.3681039	9.174391234	155.943308	-7.021128345
135.4823211	9.205291079	155.829626	-7.030539468
135.5967147	9.238555313	155.7157066	-7.036725356
135.7113404	9.274137128	155.6017523	-7.040003333
135.8262551	9.31197713	155.4879683	-7.040723341
135.9415168	9.352003006	155.3745627	-7.039267772
136.0571847	9.39412923	155.2617457	-7.03605101
136.1733131	9.438256824	155.1496996	-7.031518701
136.2899343	9.484273154	155.0384991	-7.026146763
136.4070754	9.532051756	154.928194	-7.020440214
136.5247635	9.581452174	154.8188326	-7.014931917
136.6430249	9.632319796	154.7104616	-7.010181235
136.7618861	9.684485715	154.6031262	-7.006772625
136.8813727	9.737766579	154.4968702	-7.005314123
137.0015103	9.791964476	154.3917357	-7.006435751
137.1223241	9.846866822	154.2877633	-7.010787799
137.2438387	9.902246276	154.1849922	-7.019038996
137.3660786	9.957860679	154.0834599	-7.031874549
137.4890679	10.01345302	153.9832024	-7.049994034
137.6128317	10.06875144	153.8842533	-7.074109142
137.7374302	10.12346927	153.7866276	-7.104941255
137.8629566	10.17730517	153.6903194	-7.14321886
137.9895052	10.22994337	153.5953171	-7.189674816
138.1171703	10.28105406	153.5016031	-7.245043477
138.2460465	10.33029403	153.4091542	-7.310057665
138.3762279	10.37730742	153.3179417	-7.385445485
138.507809	10.42172665	153.2279312	-7.47192699
138.6408838	10.46317361	153.1390825	-7.570210664
138.7755467	10.50126101	153.0513497	-7.68098974
138.9118916	10.53559393	152.9646809	-7.804938341
139.0500127	10.56577164	152.8790184	-7.942707428
139.1900037	10.59138959	152.7942982	-8.094920564
139.3319329	10.61204168	152.7104144	-8.262169493
139.4757389	10.62732269	152.6270763	-8.445009561
139.6213194	10.63683087	152.5439314	-8.643955157
139.7685719	10.64017048	152.4606211	-8.859475294
139.9173933	10.63695434	152.3767807	-9.091989418
140.0676804	10.62680631	152.2920389	-9.341863444
140.2193291	10.60936374	152.2060173	-9.609406006
140.3722355	10.58427997	152.1183306	-9.894864947
140.5262948	10.55122672	152.0285855	-10.19842404
140.6814022	10.50989655	151.9363806	-10.52019996
140.8374523	10.46000529	151.841306	-10.86023945
140.9943395	10.40129446	151.7429425	-11.21851686
141.1519572	10.33353376	151.6408621	-11.59493183
141.3101699	10.25652352	151.5346715	-11.98930736
141.4687963	10.17009715	151.4240455	-12.40138804
141.6276518	10.07412357	151.3086696	-12.8308386
141.7865526	9.968509506	151.1882348	-13.27724246
141.9453153	9.853201736	151.0624376	-13.74010056
142.1037572	9.728189225	150.9309807	-14.21883016
142.2616965	9.593505183	150.7935734	-14.71276391
142.4189519	9.449229032	150.649932	-15.22114897
142.575343	9.295488296	150.4997806	-15.74314631
142.7306901	9.132460395	150.3428516	-16.27783011
142.8848144	8.960374366	150.1788858	-16.82418731
143.0375377	8.779512481	150.0076339	-17.38111738
143.1886518	8.590211782	149.8287954	-17.94743214
143.3377255	8.392865455	149.6416383	-18.52185594
143.4842295	8.187923867	149.445249	-19.10302647
143.6276359	7.975895048	149.2387282	-19.68949657
143.7674185	7.757344504	149.0211938	-20.2797374
143.9030524	7.532894341	148.791782	-20.87214287
144.0340142	7.303221706	148.5496486	-21.46503533
144.1597818	7.06905651	148.2939711	-22.05667262
144.2798342	6.831178443	148.02395	-22.64525644
144.3936514	6.590413249	147.7388109	-23.22894196
144.5007144	6.347628266	147.4378062	-23.80584879
144.6005045	6.103727193	147.1202169	-24.37407325
144.6925046	5.859644091	146.7853572	-24.93170192
144.7764423	5.61633661	146.4330398	-25.47682645
144.8525792	5.37477867	146.0641179	-26.00755915
144.9212455	5.135953095	145.679589	-26.5220483
144.9827705	4.900844605	145.2804584	-27.01849253
145.0374819	4.670433265	144.8677374	-27.49515389
145.0857063	4.445688374	144.4424421	-27.95036977
145.1277694	4.227562777	144.0055918	-28.3825636
145.1639956	4.016987567	143.5582074	-28.79025437
145.1947086	3.814867169	143.1013103	-29.17206504
145.2202313	3.622074776	142.6359201	-29.52672989
145.2408859	3.439448118	142.1630538	-29.85310073
145.2569941	3.267785547	141.6837236	-30.15015208
145.2688805	3.107842421	141.1989373	-30.41698539
145.2769193	2.960327768	140.7097111	-30.65283223
145.2815217	2.825901273	140.2170627	-30.85705652
145.2831	2.70517061	139.7219971	-31.02915579
145.2820662	2.59868915	139.2255057	-31.16876156
145.2788327	2.506954033	138.7285649	-31.27563874
145.2738123	2.430404596	138.2321357	-31.3496842
145.2674178	2.369421137	137.7371628	-31.39092449
145.2600629	2.324324027	137.2445742	-31.39951274
145.2521614	2.295373133	136.7552802	-31.37572475
145.2441278	2.282767576	136.2701737	-31.31995433
145.236377	2.286645802	135.7901294	-31.23270788
145.2293244	2.30708596	135.3160038	-31.11459825
145.223362	2.344106597	134.848511	-30.96633791
145.2188091	2.39766763	134.3879672	-30.78873156
145.2159711	2.467671535	133.9346035	-30.58266856
145.2151535	2.553964694	133.4886397	-30.3491155
145.2166618	2.656338882	133.0502848	-30.08910898
145.2208016	2.774532893	132.6197376	-29.80374863
145.2278783	2.908234318	132.1971873	-29.4941904
145.2381973	3.057081471	131.7828134	-29.16164
145.2520637	3.220665471	131.3767868	-28.80734662
145.2697825	3.398532495	130.9792696	-28.43259684
145.2916582	3.5901862	130.590416	-28.03870873
145.3179951	3.795090328	130.2103722	-27.6270261
145.3490945	4.012671508	129.8392771	-27.19891294
145.3851957	4.242322242	129.4772678	-26.75574803
145.4264747	4.483404057	129.1244789	-26.29891964
145.4731038	4.735250728	128.7810371	-25.82982033
145.5252547	4.997171553	128.4470611	-25.34984183
145.583098	5.268454672	128.1226618	-24.86037004
145.6468038	5.548370447	127.8079427	-24.36278
145.7165407	5.83617491	127.5029997	-23.85843092
145.7924766	6.131113309	127.2079213	-23.34866124
145.874778	6.432423741	126.9227891	-22.83478364
145.9636102	6.739340912	126.6476775	-22.31808011
146.0591371	7.051100013	126.3826538	-21.79979688
146.1615209	7.366940757	126.1277786	-21.28113937
146.2708659	7.686111541	125.883033	-20.76326708
146.386964	8.007873718	125.647996	-20.24728844
146.5094992	8.331505688	125.4221158	-19.7342561
146.6381555	8.656306575	125.2048483	-19.22516282
146.7726166	8.981599374	124.9956569	-18.72093813
146.912566	9.306733576	124.7940129	-18.22244588
147.0576877	9.631087279	124.5993948	-17.73048239
147.2076657	9.954068804	124.4112888	-17.2457754
147.3621843	10.27511783	124.2291883	-16.76898364
147.5209286	10.59370604	124.0525944	-16.30069714
147.683584	10.90933736	123.8810154	-15.8414381
147.8498368	11.22154767	123.7139669	-15.39166236
148.0193764	11.52990416	123.5509749	-14.95176151
148.1919898	11.83400423	123.3916989	-14.52206549
148.367601	12.13347409	123.2359811	-14.10284561
148.5461461	12.42796719	123.0836801	-13.69431784
148.7275631	12.71716268	122.9346584	-13.296646
148.9117921	13.00076376	122.7887818	-12.90994508
149.0987753	13.27849618	122.6459199	-12.53428451
149.2884571	13.55010666	122.5059462	-12.16969133
149.480784	13.81536138	122.3687377	-11.81615347
149.6757051	14.07404453	122.2341754	-11.47362286
149.8731716	14.32595688	122.1021442	-11.14201861
150.0731375	14.57091443	121.9725331	-10.82123009
150.2755592	14.8087471	121.845235	-10.51111993
150.4803959	15.03929755	121.720153	-10.21152704
150.6876131	15.26242001	121.5972434	-9.922269513
150.8971788	15.47797927	121.4764893	-9.64314742
151.1090617	15.6858497	121.3578773	-9.373945452
151.3232311	15.88591448	121.2413968	-9.114435375
151.539657	16.07806483	121.1270407	-8.864378293
151.75831	16.26219945	121.0148047	-8.623526724
151.9791613	16.438224	120.904688	-8.391626488
152.2021829	16.60605075	120.7966927	-8.168418402
152.4273473	16.76559838	120.690824	-7.953639791
152.6546278	16.91679182	120.5870903	-7.747025806
152.8839983	17.05956231	120.4855031	-7.548310561
153.1154332	17.19384752	120.3860771	-7.357228076
153.3488878	17.3195919	120.288814	-7.173513041
153.5842695	17.43674701	120.1936795	-6.99690141
153.8214789	17.54527207	120.1006347	-6.827130864
154.0604163	17.64513442	120.0096409	-6.66394118
154.3009815	17.73631008	119.9206601	-6.507074521
154.5430744	17.81878429	119.8336547	-6.356275639
154.7865943	17.89255214	119.7485875	-6.211292011
155.0314405	17.95761911	119.6654218	-6.071873911
155.2775121	18.01400177	119.5841213	-5.937774412
155.5247076	18.06172837	119.50465	-5.808749329
155.7729256	18.10083957	119.4269724	-5.684557113
156.0220643	18.1313891	119.3510531	-5.56495869
156.2720173	18.1534445	119.276852	-5.449717258
156.5226244	18.1670878	119.2042657	-5.338598056
156.7736906	18.17241628	119.1331513	-5.231368157
157.0250227	18.16954298	119.0633685	-5.127796364
157.2764291	18.15859724	118.994781	-5.027653242
157.5277201	18.13972495	118.927256	-4.930711288
157.7787082	18.1130888	118.8606644	-4.836745249
158.0292079	18.07886835	118.7948808	-4.745532571
158.2790354	18.03725992	118.7297834	-4.656853998
158.5280092	17.98847641	118.6652537	-4.570494297
158.7759496	17.93274699	118.6011769	-4.48624313
159.0226787	17.87031659	118.5374417	-4.403896055
159.2680206	17.80144533	118.4739399	-4.323255663
159.5118034	17.72640773	118.4105947	-4.24413285
159.7538636	17.64549187	118.3474291	-4.16634818
159.9940411	17.55899835	118.2844942	-4.089733259
160.2321782	17.46723912	118.2218498	-4.014132045
160.468119	17.37053622	118.1595638	-3.939402033
160.7017097	17.26922032	118.0977119	-3.86541533
160.9327982	17.16362918	118.0363772	-3.792059589
161.1612341	17.05410593	117.9756498	-3.719238814
161.3868688	16.94099719	117.9156265	-3.646873998
161.6095549	16.82465107	117.8564102	-3.574903621
161.8291465	16.70541499	117.7981093	-3.503283961
162.0454989	16.58363334	117.7408371	-3.431989249
162.258474	16.45964496	117.6847112	-3.361011626
162.4680921	16.3337805	117.6298434	-3.29036092
162.6745463	16.20635972	117.5763281	-3.220064236
162.8780346	16.077689	117.5242469	-3.150165376
163.0787507	15.94805917	117.473669	-3.080724113
163.276884	15.81774367	117.4246524	-3.011815337
163.4726203	15.686997	117.3772439	-2.943528089
163.6661412	15.55605355	117.3314799	-2.875964501
163.8576251	15.42512669	117.287387	-2.809238663
164.0472467	15.29440812	117.2449825	-2.743475412
164.2351773	15.16406756	117.2042744	-2.678809082
164.421585	15.03425266	117.1652625	-2.615382207
164.6066346	14.90508919	117.127938	-2.553344194
164.7904698	14.77668152	117.0922715	-2.49284998
164.9731436	14.64911321	117.0581641	-2.434058702
165.1546801	14.52244787	117.0254964	-2.37713243
165.3351009	14.39672997	116.9941473	-2.322235028
165.514425	14.27198574	116.963995	-2.269531174
165.6926692	14.14822403	116.9349162	-2.219185511
165.8698477	14.02543725	116.9067865	-2.171361965
166.0459724	13.9036022	116.8794806	-2.126223197
166.2210526	13.78268103	116.8528717	-2.083930204
166.3950956	13.6626221	116.8268323	-2.044642062
166.5681061	13.54336088	116.8012336	-2.008515812
166.7400866	13.42482082	116.7759457	-1.975706483
166.9110375	13.30691424	116.7508384	-1.946367258
167.0809711	13.18954315	116.7258123	-1.920649764
167.2499202	13.07260018	116.7008153	-1.898704473
167.4179193	12.95596937	116.675798	-1.880681146
167.5850031	12.83952715	116.6507099	-1.866729286
167.7512062	12.72314331	116.6254992	-1.856998585
167.9165633	12.606682	116.6001125	-1.851639373
168.0811092	12.49000282	116.5744956	-1.850803056
168.2448785	12.37296194	116.5485929	-1.854642548
168.407906	12.2554133	116.5223474	-1.8633127
168.5702264	12.13720987	116.495701	-1.876970713
168.7318744	12.01820494	116.4685943	-1.895776548
168.8928844	11.89825356	116.4409669	-1.919893316
169.0532804	11.77721395	116.4127644	-1.949487659
169.2129902	11.65494902	116.3840006	-1.984730105
169.3718922	11.53132788	116.3547258	-2.025795326
169.5298656	11.40622721	116.3249916	-2.072862245
169.6867908	11.27953247	116.2948508	-2.126113941
169.8425496	11.15113896	116.2643571	-2.185737344
169.9970249	11.02095273	116.2335652	-2.251922723
170.1501014	10.88889136	116.2025313	-2.324862942
170.3016646	10.75488452	116.1713124	-2.404752506
170.4516018	10.61887448	116.1399669	-2.491786366
170.5998013	10.48081639	116.1085542	-2.586158485
170.746153	10.34067854	116.077135	-2.688060174
170.8905481	10.19844237	116.0457708	-2.797678161
171.032893	10.05410239	116.0144601	-2.915192433
171.173124	9.907666063	115.9830668	-3.040773868
171.3111809	9.759153471	115.9514375	-3.174581822
171.4470032	9.608597041	115.9194189	-3.316761744
171.5805302	9.456041157	115.8868577	-3.467442864
171.711701	9.301541733	115.8536005	-3.626735954
171.8404544	9.145165738	115.8194943	-3.794731142
171.9667291	8.986990654	115.7843857	-3.971495796
172.0904636	8.827103887	115.7481218	-4.157072466
172.2115962	8.665602115	115.7105495	-4.351476882
172.3300654	8.50259057	115.6715159	-4.554696013
172.4458093	8.338182259	115.6308683	-4.766686179
172.5587685	8.172497126	115.588443	-4.987371229
172.6689163	8.005661142	115.5439271	-5.216640791
172.7762498	7.83780536	115.4968995	-5.454348746
172.8807667	7.66906497	115.4469377	-5.700312073
172.9824648	7.49957836	115.3936198	-5.954310172
173.0813421	7.329486203	115.3365244	-6.21608468
173.1773966	7.158930545	115.275231	-6.485339791
173.2706266	6.988053913	115.2093194	-6.761743073
173.3610305	6.816998419	115.1383701	-7.044926798
173.4486067	6.645904879	115.0619642	-7.33448978
173.533354	6.474911923	114.979683	-7.629999742
173.6152712	6.304155113	114.8911087	-7.930996203
173.6943575	6.133766049	114.7958238	-8.236993913
173.7706345	5.96387148	114.6935237	-8.547486804
173.8442071	5.794592422	114.5843208	-8.861952367
173.9152004	5.62604338	114.4684255	-9.179856081
173.98374	5.458331719	114.3460494	-9.500655558
174.0499522	5.291557215	114.2174055	-9.823804297
174.1139637	5.125811795	114.0827081	-10.14875504
174.1759019	4.961179448	113.9421729	-10.47496276
174.2358943	4.797736323	113.796017	-10.8018872
174.2940691	4.635551003	113.6444585	-11.12899518
174.3505546	4.474684953	113.4877171	-11.45576237
174.4054793	4.315193147	113.3260139	-11.78167489
174.4589722	4.157124874	113.159571	-12.10623042
174.5111579	4.000524712	112.9886085	-12.42893905
174.5620639	3.845433663	112.8132672	-12.74932384
174.611621	3.691890365	112.6336088	-13.0669211
174.6597556	3.539932252	112.4496922	-13.38128054
174.706394	3.389596583	112.261577	-13.69196542
174.7514625	3.240921316	112.0693236	-13.99855265
174.7948873	3.093945837	111.8729928	-14.30063283
174.8365943	2.948711535	111.6726462	-14.59781038
174.8765097	2.805262227	111.4683461	-14.88970355
174.9145594	2.663644428	111.2601554	-15.17594455
174.9506696	2.523907463	111.0481378	-15.45617957
174.9847664	2.386103429	110.8323574	-15.73006894
175.0167757	2.250286998	110.6128793	-15.99728723
175.0466361	2.116515068	110.3897658	-16.2575234
175.0743503	1.984846265	110.163063	-16.51048103
175.0999428	1.855340366	109.9328108	-16.75587853
175.1234379	1.728057686	109.6990486	-16.99344956
175.1448603	1.603058456	109.4618149	-17.2229434
175.1642348	1.480402197	109.2211475	-17.44412552
175.1815864	1.360147077	108.9770835	-17.65677822
175.1969399	1.242349268	108.7296591	-17.8607014
175.2103205	1.127062284	108.4789099	-18.05571347
175.2217532	1.014336313	108.2248702	-18.24165231
175.2312631	0.90421753	107.9675737	-18.41837646
175.2388753	0.796747405	107.7070532	-18.58576636
175.2446154	0.691961983	107.4433419	-18.74372582
175.2485367	0.589891167	107.1765902	-18.89218353
175.2507385	0.490558	106.9071422	-19.03109463
175.2513242	0.393978018	106.6353593	-19.16044215
175.250397	0.300158693	106.3616012	-19.28023801
175.24806	0.209098982	106.0862258	-19.39052378
175.2444158	0.120788987	105.8095895	-19.49137098
175.2395668	0.035209711	105.5320467	-19.58288103
175.2336153	-0.047667073	105.2539499	-19.66518487
175.226663	-0.127878855	104.9756498	-19.73844222
175.2188116	-0.205472312	104.6974951	-19.80284038
175.2101624	-0.280503131	104.4198323	-19.85859283
175.2008162	-0.353035719	104.1430061	-19.90593728
175.1908671	-0.423142819	103.8673293	-19.94513355
175.1803553	-0.49090502	103.5928836	-19.97646098
175.1692963	-0.556410221	103.3196433	-20.00021577
175.1577052	-0.619753091	103.0475822	-20.01670844
175.1455973	-0.681034548	102.7766741	-20.02626142
175.1329877	-0.740361259	102.5068928	-20.02920688
175.1198914	-0.797845165	102.238212	-20.02588469
175.1063235	-0.853603011	101.9706056	-20.01664065
175.092299	-0.907755905	101.7040475	-20.00182478
175.0778328	-0.960428878	101.4385117	-19.98178988
175.0629398	-1.011750461	101.173972	-19.95689016
175.0476349	-1.061852266	100.9104027	-19.92748011
175.031933	-1.110868572	100.6477777	-19.89391343
175.015841	-1.158935916	100.38608	-19.85654215
174.999348	-1.206192692	100.1253121	-19.81571582
174.9824405	-1.252778766	99.86547968	-19.77178086
174.9651052	-1.298835135	99.60658843	-19.72507991
174.9473287	-1.344503616	99.34864434	-19.67595129
174.9290978	-1.389926561	99.09165356	-19.62472846
174.9103993	-1.435246614	98.83562244	-19.57173955
174.8912202	-1.480606484	98.58055755	-19.51730693
174.8715475	-1.526148744	98.32646565	-19.46174681
174.8513681	-1.572015649	98.07335373	-19.40536881
174.8306694	-1.618348977	97.82122898	-19.34847561
174.8094385	-1.665289869	97.57009882	-19.29136256
174.7876636	-1.712978699	97.31997072	-19.23431731
174.7653458	-1.761554929	97.07084955	-19.17761943
174.7424963	-1.811156971	96.82273779	-19.12154
174.7191265	-1.861922015	96.57563752	-19.06634124
174.6952477	-1.913985819	96.32955053	-19.01227606
174.6708715	-1.967482461	96.08447825	-18.9595876
174.646009	-2.022544039	95.84042183	-18.90850879
174.6206717	-2.079300331	95.5973821	-18.85926186
174.5948708	-2.137878396	95.35535961	-18.81205774
174.5686176	-2.198402128	95.1143546	-18.76709556
174.5419233	-2.260991754	94.87436704	-18.72456196
174.5147991	-2.325763264	94.63539662	-18.68463048
174.4872563	-2.392827794	94.39744275	-18.64746082
174.4592914	-2.462290938	94.16047725	-18.61319805
174.4308537	-2.534252015	93.92438315	-18.58197186
174.4018831	-2.608803323	93.68902603	-18.55389578
174.3723192	-2.686029436	93.45427212	-18.52906662
174.3421018	-2.76600652	93.2199883	-18.50756392
174.311171	-2.848801709	92.98604209	-18.4894497
174.2794665	-2.934472502	92.75230164	-18.47476821
174.2469284	-3.023066207	92.51863569	-18.46354593
174.2134966	-3.114619414	92.2849136	-18.45579161
174.1791111	-3.209157503	92.05100534	-18.45149654
174.143712	-3.306694187	91.81678145	-18.45063485
174.1072394	-3.407231082	91.58211305	-18.45316403
174.0696321	-3.510757317	91.3468731	-18.45902557
174.03079	-3.617249174	91.11096824	-18.46814563
173.9905717	-3.726669805	90.87434237	-18.48043597
173.9488337	-3.838969067	90.63694354	-18.49579482
173.9054321	-3.954083519	90.39872209	-18.51410776
173.8602233	-4.071936588	90.15963068	-18.53524874
173.8130632	-4.192438895	89.91962418	-18.55908096
173.7638079	-4.315488762	89.67865968	-18.58545789
173.7123131	-4.440972883	89.43669637	-18.61422421
173.6584343	-4.568767172	89.19369552	-18.64521686
173.6020269	-4.69873779	88.94962034	-18.67826597
173.5429459	-4.830742353	88.70443595	-18.71319597
173.4810462	-4.964631316	88.45810926	-18.74982653
173.4162059	-5.100249551	88.21061399	-18.78797369
173.3484422	-5.237438071	87.96195463	-18.82745086
173.2778232	-5.376035802	87.71214606	-18.8680699
173.2044173	-5.515881266	87.46120252	-18.90964208
173.1282933	-5.656814142	87.20913769	-18.95197908
173.0495205	-5.798676683	86.95596481	-18.99489385
172.968169	-5.941315011	86.7016967	-19.03820155
172.8843093	-6.084580273	86.4463459	-19.08172034
172.7980125	-6.228329673	86.18992475	-19.12527221
172.7093505	-6.372427385	85.9324454	-19.16868379
172.618396	-6.516745328	85.67391997	-19.2117871
172.5252224	-6.661163837	85.41436052	-19.25442031
172.4299038	-6.8055722	85.15377971	-19.29642849
172.3325035	-6.949869084	84.89221793	-19.33766432
172.2330684	-7.093962856	84.62975626	-19.37798879
172.1316439	-7.23777181	84.36647885	-19.41727185
172.0282752	-7.381224335	84.10246965	-19.45539288
171.9230077	-7.524259006	83.83781233	-19.49224108
171.8158864	-7.666824621	83.57259032	-19.52771583
171.7069563	-7.808880163	83.30688678	-19.5617268
171.5962622	-7.950394711	83.04078455	-19.59419408
171.4838488	-8.091347289	82.77436621	-19.62504817
171.3697606	-8.23172665	82.50771397	-19.6542298
171.2540418	-8.371531006	82.24090975	-19.68168982
171.1367365	-8.510767701	81.9740351	-19.7073888
171.0178893	-8.649452818	81.70716974	-19.73129667
170.8975496	-8.787610741	81.44038024	-19.75339226
170.7757693	-8.925273638	81.17372589	-19.77366267
170.6526003	-9.062480888	80.90726509	-19.79210269
170.5280943	-9.199278431	80.64105537	-19.80871411
170.402303	-9.335718046	80.37515342	-19.82350495
170.2752778	-9.471856556	80.1096151	-19.83648872
170.1470702	-9.60775496	79.84449544	-19.84768352
170.0177313	-9.743477489	79.57984868	-19.85711122
169.8873123	-9.879090588	79.31572829	-19.86479644
169.7558639	-10.01466181	79.05218693	-19.87076563
169.623437	-10.15025867	78.78927652	-19.875046
169.4900819	-10.28594733	78.52704814	-19.87766445
169.35581	-10.42179133	78.26551282	-19.87864644
169.2205333	-10.55785021	78.00458226	-19.87801487
169.0841479	-10.69417816	77.74415297	-19.87578905
168.946549	-10.83082287	77.48412166	-19.87198383
168.8076307	-10.9678245	77.22438512	-19.86660895
168.6672864	-11.10521483	76.96484026	-19.85966857
168.525408	-11.24301654	76.705384	-19.85116099
168.3818869	-11.38124267	76.44591321	-19.84107856
168.2366133	-11.51989628	76.18632472	-19.82940785
168.0894761	-11.65897017	75.92651517	-19.81612991
167.9403633	-11.79844692	75.66638103	-19.80122081
167.7891617	-11.93829892	75.40581846	-19.78465234
167.6357608	-12.07848872	75.14473213	-19.76639294
167.4800988	-12.21896947	74.88314211	-19.74640876
167.3221488	-12.35968548	74.62114986	-19.72466482
167.1618844	-12.50057289	74.35885898	-19.70112618
166.9992795	-12.64156033	74.09637344	-19.67575889
166.8343078	-12.78256969	73.83379762	-19.64853094
166.6669432	-12.92351685	73.57123626	-19.61941295
166.4971594	-13.06431249	73.30879443	-19.58837885
166.3249304	-13.20486297	73.04657752	-19.55540637
166.1502301	-13.3450712	72.78469119	-19.5204774
165.9730327	-13.48483759	72.52324135	-19.48357828
165.7933121	-13.62406102	72.26233417	-19.44469987
165.6110428	-13.76263992	72.00207596	-19.40383763
165.4262241	-13.90047333	71.74255945	-19.36099141
165.2389457	-14.037462	71.483828	-19.31616526
165.0493179	-14.17350948	71.22591373	-19.26936714
164.8574515	-14.30852304	70.96884852	-19.22060855
164.663458	-14.44241443	70.71266414	-19.16990424
164.4674497	-14.57510049	70.45739234	-19.11727183
164.2695394	-14.70650368	70.20306493	-19.06273147
164.0698409	-14.83655231	69.94971383	-19.0063055
163.8684683	-14.96518079	69.69737121	-18.948018
163.6655368	-15.09232956	69.44606947	-18.8878945
163.4611621	-15.21794502	69.19584136	-18.8259615
163.2554608	-15.34197919	68.94672001	-18.7622461
163.0485484	-15.46438927	68.69873878	-18.69677557
162.8404899	-15.5851371	68.45192622	-18.6295769
162.6312905	-15.70418842	68.20630469	-18.56067636
162.420951	-15.82151217	67.96189577	-18.49009902
162.2094715	-15.93707981	67.71872054	-18.41786833
161.9968515	-16.05086465	67.47679959	-18.34400564
161.7830894	-16.16284125	67.2361529	-18.26852974
161.5681829	-16.2729848	66.99679986	-18.19145643
161.3521291	-16.38127065	66.75875918	-18.11279807
161.1349239	-16.48767372	66.52204889	-18.03256313
160.9165626	-16.59216813	66.28668621	-17.95075573
160.6970396	-16.69472676	66.05268761	-17.86737525
160.4763486	-16.79532088	65.82006865	-17.78241585
160.2544852	-16.89391988	65.58883939	-17.69586609
160.0314604	-16.99049096	65.35898565	-17.6077085
159.8072903	-17.08499894	65.13048567	-17.51791922
159.5819915	-17.17740606	64.90331779	-17.4264677
159.3555806	-17.26767178	64.67746051	-17.33331645
159.1280746	-17.35575262	64.45289252	-17.23842086
158.8994908	-17.44160202	64.22959274	-17.14172911
158.6698468	-17.5251702	64.00754037	-17.04318214
158.4391603	-17.60640406	63.78671488	-16.94271366
158.2074497	-17.68524709	63.56709609	-16.84025031
157.9747333	-17.7616393	63.34866421	-16.73571179
157.74103	-17.83551716	63.13139982	-16.62901116
157.5063583	-17.90681361	62.91528398	-16.52005511
157.2707171	-17.97545801	62.70030056	-16.40874445
157.0340722	-18.04137621	62.48643713	-16.29497452
156.7963862	-18.10449071	62.27368094	-16.17863577
156.557621	-18.16472084	62.0620185	-16.05961438
156.3177379	-18.22198312	61.85143551	-15.93779296
156.0766976	-18.27619178	61.64191689	-15.81305134
155.8344606	-18.32725932	61.43344661	-15.6852674
155.5909863	-18.37509725	61.22600777	-15.55431805
155.346234	-18.41961694	61.01958243	-15.42008024
155.1001622	-18.46073058	60.81415163	-15.2824321
154.8527289	-18.49835238	60.60969531	-15.14125416
154.6038915	-18.53239974	60.40619226	-14.99643069
154.3536149	-18.56279469	60.20362407	-14.84785114
154.1019397	-18.58946542	60.00200981	-14.69541164
153.8489496	-18.61234784	59.8013906	-14.53901668
153.5947296	-18.63138721	59.60180908	-14.37858069
153.3393661	-18.64653962	59.40330929	-14.21402977
153.0829465	-18.65777349	59.20593671	-14.04530335
152.8255593	-18.66507102	59.0097383	-13.8723559
152.5672942	-18.6684295	58.81476255	-13.69515863
152.308242	-18.66786265	58.62105953	-13.51370125
152.0484947	-18.66340186	58.42868089	-13.32799369
151.7881451	-18.65509739	58.23767994	-13.13806787
151.5272874	-18.64301944	58.04811164	-12.94397943
151.2660167	-18.62725927	57.86003283	-12.74580951
151.0044356	-18.60793012	57.67354488	-12.54366649
150.7426599	-18.58516813	57.48884363	-12.33768769
150.4808041	-18.55913316	57.30613413	-12.12804096
150.2189789	-18.53000948	57.12561757	-11.91492594
149.9572914	-18.49800632	56.94749116	-11.6985752
149.695845	-18.46335839	56.77194819	-11.47925507
149.4347394	-18.42632624	56.59917789	-11.25726624
149.1740707	-18.3871965	56.42936552	-11.03294414
148.9139313	-18.3462821	56.26269224	-10.80665902
148.6544098	-18.30392225	56.09933518	-10.57881589
148.3955913	-18.26048246	55.93946737	-10.34985409
148.1375572	-18.21635433	55.78325774	-10.12024676
147.880401	-18.17195532	55.63088432	-9.890499933
147.6244428	-18.12772832	55.48271543	-9.661151412
147.3701753	-18.08414086	55.3392646	-9.432769183
147.1180926	-18.04168375	55.20104686	-9.205949142
146.8686858	-18.00086893	55.06857531	-8.981312016
146.6224441	-17.96222652	54.94236137	-8.759499432
146.3798539	-17.92630102	54.82291515	-8.541169135
146.1414003	-17.89364677	54.71074583	-8.326989331
145.9075666	-17.86482252	54.60636215	-8.117632162
145.6788354	-17.84038519	54.51027284	-7.913766278
145.4556886	-17.82088279	54.42298725	-7.71604851
145.2386083	-17.80684649	54.34501594	-7.525114619
145.0280774	-17.79878178	54.27687139	-7.341569115
144.824317	-17.79715884	54.21876951	-7.165974152
144.6265227	-17.80240237	54.16975941	-6.998837863
144.4336521	-17.81488165	54.12861684	-6.840603091
144.2446779	-17.83490193	54.09413168	-6.691637519
144.0585865	-17.8626971	54.06510669	-6.552225493
143.8743773	-17.89842398	54.04035664	-6.422561561
143.6910627	-17.94215793	54.01870799	-6.302745689
143.5076676	-17.9938899	53.99899903	-6.192780148
143.3232309	-18.05352486	53.98008042	-6.092568036
143.1368055	-18.12088164	53.96081632	-6.001913418
142.9474611	-18.19569401	53.9400859	-5.920523073
142.754285	-18.27761321	53.91678537	-5.848009828
142.5563968	-18.36621166	53.8898465	-5.783897448
142.3532152	-18.46098799	53.8586166	-5.727627009
142.1444504	-18.561373	53.82285679	-5.678564406
141.9298162	-18.66673627	53.7823378	-5.636008455
141.709015	-18.77639305	53.73681981	-5.599199268
141.4817378	-18.88961166	53.68605183	-5.567326873
141.2476632	-19.00562113	53.62977096	-5.539540092
141.0064562	-19.12361935	53.56770157	-5.514955729
140.7577683	-19.24278165	53.49955445	-5.492668096
140.5012353	-19.36226994	53.42502578	-5.471758919
140.2364773	-19.48124224	53.34379611	-5.451307667
139.9630968	-19.59886301	53.25552913	-5.430402344
139.6806778	-19.71431387	53.15987045	-5.408150788
139.3889758	-19.82680517	53.05663433	-5.383692505
139.0888087	-19.93558787	52.94667906	-5.356210817
138.7813661	-20.039965	52.83122883	-5.324944495
138.4678352	-20.13930184	52.71150568	-5.289197955
138.1493997	-20.23303426	52.58872919	-5.248349633
137.8272404	-20.32067533	52.46411639	-5.20185854
137.5025346	-20.40182022	52.3388817	-5.149268982
137.1764563	-20.47614928	52.21423677	-5.090213481
136.8501757	-20.54342946	52.09139034	-5.024413909
136.5248596	-20.60351402	51.97154811	-4.951680835
136.2016706	-20.65634046	51.85591261	-4.871911114
135.8817675	-20.70192688	51.74568308	-4.785083701
135.5662993	-20.74036656	51.64204948	-4.691253735
135.2559371	-20.77182095	51.54568984	-4.590544926
134.9505229	-20.79651154	51.45639373	-4.483140746
134.6498174	-20.81471131	51.3738626	-4.369275325
134.3535824	-20.82673662	51.29779915	-4.24922478
134.0615816	-20.83293957	51.2279073	-4.123299137
133.7735801	-20.83370083	51.16389219	-3.991834851
133.4893446	-20.82942305	51.10546014	-3.855187913
133.2086432	-20.82052466	51.05231865	-3.713727549
132.9312456	-20.80743417	51.00417635	-3.567830478
132.656923	-20.790585	50.960743	-3.417875745
132.3854479	-20.77041068	50.92172944	-3.264240095
132.1165945	-20.74734052	50.88684756	-3.1072939
131.8501364	-20.72179567	50.85581595	-2.947397617
131.5858373	-20.69418573	50.82840121	-2.784898751
131.3234568	-20.66490557	50.80439477	-2.620129301
131.0627565	-20.63433277	50.78359024	-2.453403598
130.8035002	-20.60282534	50.76578322	-2.285016537
130.5454538	-20.57071992	50.75077124	-2.115242164
130.2883851	-20.53833029	50.73835372	-1.94433263
130.032064	-20.50594639	50.72833196	-1.77251748
129.7762624	-20.47383355	50.72050907	-1.600003293
129.5207542	-20.44223222	50.71469001	-1.426973651
129.2653151	-20.41135798	50.71068156	-1.253589428
129.009723	-20.38140191	50.7082923	-1.079989404
128.753758	-20.35253133	50.70733282	-0.906291181
128.4972651	-20.32489078	50.70767181	-0.732592413
128.2402428	-20.29860336	50.70931634	-0.558972254
127.9827122	-20.27377213	50.71229545	-0.385492926
127.724694	-20.25048141	50.71663982	-0.212201265
127.4662086	-20.22879815	50.72238177	-0.039130226
127.2072759	-20.20877317	50.72955531	0.133699674
126.9479154	-20.19044228	50.73819614	0.306278961
126.6881464	-20.17382749	50.74834167	0.478607875
126.4279875	-20.15893794	50.76003108	0.650695101
126.1674571	-20.14577099	50.77330528	0.822556568
125.9065732	-20.13431306	50.78820701	0.994214317
125.6453533	-20.12454049	50.80478082	1.165695435
125.383814	-20.11642038	50.82307349	1.337031066
125.1219642	-20.10991124	50.84313959	1.508255504
124.8598061	-20.10496369	50.8650379	1.679405353
124.5973406	-20.10152113	50.88882513	1.850518802
124.334568	-20.09952024	50.91455573	2.021634965
124.0714875	-20.09889164	50.94228182	2.192793333
123.8080976	-20.09956034	50.97205314	2.364033297
123.5443959	-20.10144628	51.00391702	2.535393752
123.2803791	-20.1044648	51.03791828	2.706912781
123.0160429	-20.1085271	51.07409924	2.878627405
122.7513824	-20.11354065	51.11249958	3.050573402
122.4863914	-20.11940968	51.15315635	3.222785178
122.2210631	-20.12603552	51.19610384	3.395295712
121.9554019	-20.13331706	51.24136857	3.568136527
121.6894535	-20.14115109	51.28895861	3.741337723
121.423273	-20.14943266	51.33887951	3.914928018
121.1569159	-20.15805534	51.3911384	4.088934797
120.8904379	-20.16691131	51.44574396	4.263384167
120.6238949	-20.17589148	51.50270648	4.438301013
120.3573433	-20.18488542	51.5620379	4.61370906
120.0908399	-20.19378123	51.6237518	4.789630944
119.8244414	-20.20246532	51.68786346	4.96608829
119.5582053	-20.21082212	51.75438988	5.143101809
119.292189	-20.21873367	51.82334982	5.320691396
119.0264505	-20.22607914	51.89476378	5.498876262
118.7610459	-20.23273429	51.96865409	5.677675069
118.4959749	-20.23857083	52.04504376	5.8571061
118.2311726	-20.24345575	52.12395452	6.037187437
117.9665707	-20.24725077	52.20540646	6.217937175
117.7021003	-20.24981184	52.28941802	6.399373646
117.4376924	-20.2509888	52.37600593	6.581515664
117.1732777	-20.25062517	52.46518514	6.764382781
116.9087864	-20.24855812	52.55696875	6.947995554
116.6441487	-20.24461848	52.65136791	7.132375818
116.3792941	-20.23863103	52.74839178	7.317546968
116.1141522	-20.2304148	52.8480474	7.503534231
115.8486521	-20.21978365	52.95033966	7.690364943
115.5827226	-20.20654694	53.05527114	7.878068814
115.3163094	-20.19051035	53.1628385	8.066678183
115.0494649	-20.1714769	53.27301497	8.256228248
114.7822837	-20.14924796	53.38576729	8.446757256
114.5148611	-20.12362427	53.50106499	8.63830663
114.2472938	-20.09440686	53.61888047	8.830921023
113.9796795	-20.06139789	53.73918909	9.024648305
113.7121169	-20.02440142	53.86196926	9.219539491
113.4447059	-19.98322407	53.98720255	9.415648604
113.1775474	-19.93767571	54.11487374	9.613032486
112.9107435	-19.8875699	54.24497092	9.81175055
112.6443972	-19.83272445	54.37748556	10.01186449
112.3786127	-19.77296181	54.51241259	10.21343796
112.1134945	-19.70810936	54.64975023	10.41653617
111.8491063	-19.63799978	54.78948631	10.62122548
111.5854493	-19.56247125	54.93158953	10.82757298
111.3225214	-19.48136784	55.07602834	11.03564591
111.0603232	-19.39453987	55.22277268	11.24551107
110.798858	-19.30184449	55.37179407	11.45723416
110.5381313	-19.20314638	55.52306553	11.67087894
110.2781514	-19.09831844	55.67656167	11.88650643
110.0189292	-18.98724279	55.83225861	12.10417394
109.7604779	-18.86981168	55.99013405	12.32393408
109.5028135	-18.74592869	56.15016723	12.54583359
109.2459544	-18.61550991	56.31233897	12.76991224
108.9899215	-18.47848529	56.47663165	12.99620154
108.7347504	-18.3348001	56.64303742	13.2247234
108.4805899	-18.18441641	56.81162655	13.45548877
108.2276523	-18.02731466	56.98251733	13.68849625
107.9761553	-17.86349497	57.1558377	13.92373082
107.726321	-17.6929784	57.33172478	14.16116265
107.4783762	-17.51580784	57.51032481	14.4007462
107.2325518	-17.33204887	57.69179309	14.64241935
106.989083	-17.14179023	57.87629379	14.88610283
106.7482089	-16.94514417	58.06399988	15.13169983
106.5101723	-16.74224649	58.25509293	15.37909576
106.2752196	-16.53325643	58.44976292	15.62815842
106.0436001	-16.31835615	58.64820805	15.87873824
105.8155665	-16.09775011	58.85063439	16.1306689
105.5913394	-15.87166407	59.05721431	16.38376822
105.3710493	-15.6403439	59.26801312	16.63783927
105.1548099	-15.40405421	59.48307531	16.89267169
104.9427331	-15.16307687	59.70244207	17.14804306
104.7349289	-14.91770948	59.92615133	17.40372033
104.5315052	-14.66826374	60.15423774	17.6594613
104.3325683	-14.41506379	60.38673268	17.91501617
104.1382223	-14.15844436	60.62366431	18.1701291
103.9485691	-13.89874897	60.86505757	18.42453987
103.763709	-13.6363279	61.11093426	18.67798557
103.58374	-13.37153621	61.36131302	18.93020232
103.408758	-13.10473152	61.61620939	19.18092708
103.2388481	-12.83627175	61.87562903	19.42989947
103.0739666	-12.56651284	62.13947768	19.67686368
102.9139733	-12.29580634	62.40758598	19.92157029
102.758722	-12.02449731	62.67977902	20.16377795
102.6080634	-11.75292231	62.95587831	20.40325487
102.4618448	-11.48140776	63.2357021	20.63978002
102.3199107	-11.21026847	63.51906563	20.87314418
102.182103	-10.93980642	63.80578138	21.10315072
102.0482611	-10.67030982	64.09565934	21.32961613
101.9182223	-10.40205237	64.38850721	21.5523704
101.7918216	-10.13529275	64.68413066	21.77125706
101.6688927	-9.870274388	64.98233346	21.98613311
101.549267	-9.607225409	65.28291774	22.19686861
101.4328093	-9.346358837	65.5857262	22.40334617
101.3195144	-9.087872969	65.89075935	22.60546012
101.209407	-8.83195182	66.19805401	22.8031158
101.1025116	-8.57876551	66.50764572	22.99622884
100.9988525	-8.328470573	66.81956881	23.1847246
100.8984533	-8.081210164	67.13385642	23.36853784
100.8013375	-7.83711417	67.4505406	23.5476124
100.7075283	-7.596299219	67.76965233	23.7219012
100.6170485	-7.358868586	68.09122153	23.89136624
100.529921	-7.124911996	68.41527718	24.05597883
100.4461684	-6.894505313	68.74184734	24.21571992
100.3658132	-6.667710132	69.07095916	24.37058066
100.2888748	-6.444573248	69.40263605	24.52056299
100.2152674	-6.225126042	69.73679885	24.66568045
100.1447763	-6.00938385	70.07324154	24.80595899
100.0771798	-5.797345486	70.41174777	24.94143768
100.0122569	-5.588993011	70.75209845	25.0721692
99.94978691	-5.384291775	71.09407169	25.19822008
99.88955001	-5.183190736	71.4374428	25.31967073
99.83132682	-4.985623039	71.78198426	25.43661515
99.77489843	-4.791506881	72.12746568	25.54916042
99.72004642	-4.600746635	72.47365382	25.65742595
99.66655277	-4.413234262	72.82031254	25.76154237
99.61419983	-4.228850983	73.1672028	25.86165022
99.56277032	-4.04746924	73.51408268	25.95789831
99.51209021	-3.868954921	73.86075041	26.05044183
99.46221849	-3.693169805	74.20723604	26.13944014
99.41329265	-3.519974034	74.55364962	26.22505459
99.3654502	-3.349228398	74.9001031	26.30744647
99.31882865	-3.180796367	75.2467103	26.38677518
99.27356553	-3.014545845	75.59358691	26.46319663
99.22979837	-2.850350666	75.9408505	26.53686195
99.18766475	-2.688091818	76.28862055	26.6079164
99.14730232	-2.527658417	76.63701843	26.6764985
99.10884876	-2.368948411	76.98616746	26.74273949
99.07244187	-2.211869039	77.33619285	26.80676293
99.03821955	-2.056337029	77.68722178	26.86868463
99.00631908	-1.902278546	78.03938257	26.92861279
98.97682137	-1.749628894	78.39274534	26.98664835
98.94971233	-1.598332036	78.74727872	27.04288564
98.92496895	-1.448340014	79.10293967	27.09741292
98.90256845	-1.299612366	79.45968316	27.15031308
98.88248828	-1.152115545	79.81746213	27.20166425
98.86470609	-1.005822352	80.17622753	27.25154032
98.84919966	-0.860711375	80.53592827	27.3000115
98.83594691	-0.71676644	80.89651129	27.34714477
98.82492587	-0.57397607	81.25792153	27.39300433
98.81611465	-0.43233296	81.62010194	27.43765192
98.80949137	-0.291833454	81.98299349	27.48114715
98.80503423	-0.152477038	82.34653518	27.52354773
98.80272111	-0.014265846	82.71066822	27.56490964
98.80252712	0.12279583	83.07537461	27.60528721
98.80442576	0.258702013	83.44066212	27.64473321
98.80839043	0.393445495	83.80654081	27.68329889
98.81439455	0.527018277	84.17302268	27.72103408
98.82241156	0.659411992	84.54012167	27.75798737
98.8324149	0.79061831	84.90785361	27.79420624
98.84437807	0.920629319	85.27623621	27.82973729
98.85827463	1.049437901	85.64528901	27.86462648
98.8740782	1.177038084	86.0150334	27.89891948
98.89176251	1.303425374	86.38549256	27.93266193
98.91130139	1.42859708	86.75669145	27.96589994
98.93266879	1.552552615	87.12865675	27.99868042
98.95583416	1.675293786	87.5014016	28.03105168
98.98075626	1.796825058	87.87490383	28.06306386
99.00739234	1.917153792	88.24913493	28.09476955
99.03569963	2.03629044	88.62406503	28.12622424
99.0656354	2.154248701	88.9996629	28.15748677
99.09715689	2.271045632	89.37589595	28.1886198
99.13022134	2.386701713	89.75273023	28.21969017
99.16478596	2.501240878	90.13013044	28.25076918
99.20080794	2.614690492	90.5080599	28.28193294
99.23824441	2.72708129	90.88648059	28.31326251
99.27705249	2.83844727	91.26535312	28.34484408
99.31718922	2.948825536	91.64463674	28.37676908
99.35861365	3.058256105	92.02428969	28.40913416
99.4013174	3.166781659	92.40427481	28.44204119
99.44531799	3.274447294	92.78455976	28.47559707
99.49063328	3.381300281	93.16511332	28.5099136
99.53728078	3.487389876	93.54590517	28.54510718
99.58527751	3.592767172	93.92690588	28.58129854
99.63464009	3.697484993	94.30808694	28.61861231
99.68538461	3.801597835	94.68942064	28.65717658
99.73752664	3.90516184	95.07088012	28.69712241
99.79108122	4.008234813	95.45243929	28.73858321
99.84606278	4.110876268	95.8340728	28.78169408
99.90248513	4.21314752	96.21575604	28.8265911
99.96036142	4.315111792	96.59746503	28.87341051
100.0196979	4.416834364	96.97919323	28.92228782
100.0804749	4.518382733	97.36100388	28.9733569
100.1426661	4.619826769	97.74297745	29.02674903
100.2062455	4.721238845	98.12519335	29.08259202
100.271187	4.822693923	98.50773003	29.14100944
100.3374652	4.924269605	98.89066492	29.20211984
100.4050548	5.026046138	99.27407446	29.26603616
100.4739307	5.128106378	99.65803412	29.33286507
100.5440682	5.230535711	100.0426184	29.4027065
100.6154431	5.333421929	100.4279008	29.47565313
100.6880314	5.436855056	100.8139538	29.55178998
100.7618095	5.540927131	101.2008491	29.63119405
100.8367545	5.645731937	101.5886564	29.71393397
100.9128472	5.751364685	101.9774224	29.80006978
100.9900725	5.857921647	102.3671697	29.88965258
101.0684157	5.965499745	102.7579203	29.98272435
101.1478627	6.074196095	103.1496972	30.07931757
101.2283994	6.184107509	103.5425239	30.17945488
101.3100123	6.295329953	103.9364246	30.28314876
101.3926881	6.40795795	104.3314245	30.39040103
101.4764138	6.522083941	104.7275492	30.50120244
101.561177	6.637797599	105.1248253	30.61553217
101.6469655	6.755185079	105.5232801	30.73335731
101.7337676	6.874328228	105.9229415	30.85463229
101.8215718	6.995303735	106.3238382	30.97929832
101.9103793	7.118182226	106.7260126	31.10728276
102.0002633	7.243027328	107.129585	31.23849854
102.0913241	7.369894748	107.5347056	31.37284355
102.1836625	7.498831441	107.9415259	31.51020027
102.2773799	7.629874889	108.3501991	31.6504355
102.3725781	7.763052504	108.7608796	31.79340031
102.4693598	7.898381137	109.1737235	31.93893014
102.5678281	8.035866709	109.5888882	32.0868451
102.6680868	8.175503963	110.0065327	32.23695045
102.7702404	8.317276328	110.4268176	32.38903734
102.8743943	8.46115591	110.8499049	32.54288369
102.9806544	8.607103595	111.2759585	32.69825528
103.0891274	8.755069283	111.7051429	32.85490713
103.1998932	8.90499224	112.1375469	33.01258503
103.3129815	9.056801549	112.5731181	33.17102727
103.4284162	9.210416609	113.0117882	33.32996633
103.5462206	9.365747642	113.4534882	33.48913055
103.6664176	9.522696204	113.8981489	33.64824562
103.7890295	9.681155696	114.3457002	33.807036
103.9140782	9.841011871	114.7960716	33.96522619
104.0415847	10.00214335	115.2491918	34.12254193
104.1715695	10.16442215	115.7049891	34.2787113
104.3040524	10.32771418	116.163391	34.43346569
104.4390523	10.49187983	116.6243244	34.58654072
104.5765875	10.65677445	117.0877155	34.73767703
104.7166735	10.82224894	117.5534875	34.88662108
104.8593091	10.98815031	118.0215437	35.03312572
105.0044845	11.15432224	118.491778	35.17695082
105.1521892	11.32060561	118.9640854	35.31786369
105.3024125	11.48683905	119.4383619	35.45563947
105.4551427	11.65285942	119.9145048	35.59006131
105.6103681	11.81850233	120.3924121	35.72092056
105.7680761	11.98360257	120.8719834	35.84801682
105.9282536	12.14799463	121.353119	35.9711579
106.0908869	12.31151312	121.8357204	36.09015971
106.2559616	12.4739932	122.31969	36.20484607
106.4234627	12.63527109	122.8049314	36.31504847
106.5933746	12.79518444	123.2913491	36.42060575
106.7656699	12.95357283	123.7788553	36.52136371
106.9402926	13.11027815	124.2673794	36.61717472
107.1171817	13.26514506	124.7568528	36.70789726
107.2962757	13.41802129	125.2472062	36.79339546
107.4775125	13.56875794	125.7383689	36.87353867
107.6608296	13.71720975	126.2302699	36.94820097
107.8461637	13.86323522	126.7228368	37.01726075
108.0334513	14.00669676	127.2159966	37.08060022
108.2226281	14.14746081	127.7096753	37.13810497
108.4136295	14.28539781	128.2037981	37.18966355
108.6063901	14.42038222	128.6982893	37.23516699
108.8008443	14.55229245	129.1930723	37.27450836
108.9969268	14.68101077	129.6880705	37.30758237
109.1945924	14.80642317	130.1832196	37.33428491
109.3938138	14.92841922	130.6784668	37.3545127
109.5945652	15.04689187	131.1737598	37.36816286
109.7968217	15.16173743	131.6690472	37.37513267
110.0005593	15.27285538	132.1642777	37.37531926
110.2057552	15.38014842	132.6594007	37.36861947
110.4123873	15.48352238	133.1543659	37.35492964
110.6204348	15.58288634	133.6491238	37.33414564
110.8298778	15.67815264	134.1436253	37.30616277
111.0406974	15.7692371	134.6378221	37.27087591
111.2528759	15.85605915	135.1316661	37.2281796
111.4663966	15.9385421	135.6251103	37.17796831
111.6812292	16.01661349	136.1180996	37.12013671
111.8972893	16.09020541	136.6105474	37.05458005
112.1144804	16.15925486	137.1023577	36.98119459
112.3327053	16.22370413	137.5934322	36.89987803
112.5518667	16.28350097	138.0836698	36.81052994
112.771867	16.3385989	138.572967	36.71305228
112.9926084	16.38895726	139.0612178	36.60734981
113.2139928	16.43454139	139.548314	36.49333059
113.4359219	16.47532261	140.0341448	36.37090645
113.6582971	16.51127825	140.5185972	36.23999346
113.8810198	16.54239152	141.0015559	36.10051243
114.1039911	16.56865144	141.4829033	35.95238935
114.3271132	16.59005263	141.9625202	35.79555589
114.5503256	16.6065951	142.4402985	35.62994982
114.773612	16.61828397	142.9161447	35.45551553
114.996958	16.6251293	143.3899656	35.2722045
115.2203489	16.62714591	143.8616671	35.07997583
115.4437693	16.62435334	144.3311545	34.8787968
115.6672031	16.61677589	144.7983326	34.66864347
115.8906339	16.60444265	145.2631052	34.44950135
116.1140447	16.58738774	145.7253756	34.22136603
116.337418	16.56565049	146.1850463	33.98424394
116.5607356	16.53927579	146.6420191	33.73815307
116.783979	16.50831445	147.0961953	33.48312377
117.007129	16.47282366	147.5474753	33.21919953
117.2301567	16.4328675	147.9957504	32.94643789
117.4529714	16.38851752	148.4408558	32.66491121
117.6754582	16.33985326	148.8826043	32.37470758
117.8975033	16.28696281	149.3208084	32.07593149
118.1189939	16.22994317	149.7552808	31.76870453
118.3398186	16.1689006	150.1858339	31.4531658
118.5598668	16.10395081	150.6122805	31.12947241
118.7790293	16.03521918	151.0344334	30.79779967
118.9971978	15.9628407	151.4521055	30.45834126
119.2142656	15.88696003	151.8651097	30.11130926
119.4301268	15.80773129	152.2732593	29.75693399
119.644677	15.72531783	152.6763676	29.3954638
119.857813	15.63989196	153.0742485	29.02716466
120.0694412	15.55163443	153.4667418	28.6523196
120.2794833	15.46073401	153.8537286	28.27122807
120.4878641	15.36738683	154.2350936	27.88420517
120.6945102	15.27179573	154.6107209	27.49158087
120.8993499	15.17416955	154.9804947	27.0936991
121.1023132	15.07472232	155.3442985	26.69091683
121.3033321	14.9736724	155.7020159	26.2836031
121.5023398	14.87124154	156.0535303	25.87213785
121.6992714	14.76765387	156.398725	25.45691081
121.8940634	14.6631348	156.7374833	25.03832019
122.0866539	14.55790989	157.0696884	24.61677131
122.2769824	14.45220359	157.3952239	24.1926751
122.4649961	14.34623792	157.713975	23.76644646
122.6507051	14.24023106	158.0258434	23.33850254
122.8341539	14.13439596	158.3307389	22.90926087
123.0153873	14.02893893	158.6285708	22.47913736
123.1944497	13.92405833	158.9192471	22.0485442
123.3713852	13.81994331	159.2026752	21.61788765
123.5462375	13.71677262	159.4787622	21.18756565
123.7190501	13.61471345	159.7474143	20.75796532
123.8898662	13.51392033	160.0085376	20.32946031
124.0587286	13.41453409	160.262038	19.90240795
124.2256799	13.31668082	160.5078216	19.47714629
124.3907624	13.22047095	160.7457942	19.05399086
124.554018	13.12599827	160.9758627	18.63323135
124.7155281	13.03333902	161.1980705	18.21512808
124.8754851	12.94255112	161.4128453	17.79990838
125.0341007	12.85367346	161.6206843	17.38776337
125.1915866	12.76672554	161.8220866	16.97884527
125.3481543	12.68170741	162.0175537	16.57326549
125.5040157	12.59859982	162.2075889	16.17109341
125.6593825	12.51736477	162.3926972	15.77235591
125.8144666	12.43794624	162.5733854	15.37703758
125.9694802	12.36027136	162.7501614	14.98508172
126.1246355	12.28425171	162.9235346	14.59639204
126.2801452	12.20978508	163.0940154	14.21083507
126.4362222	12.1367574	163.2621154	13.82824333
126.5930706	12.06504508	163.4283343	13.44841928
126.7507537	11.99451753	163.5929779	13.07113993
126.9092249	11.92503995	163.7562007	12.69616198
127.0684327	11.85647601	163.9181514	12.32322742
127.2283236	11.78869061	164.0789772	11.95206921
127.3888424	11.72155234	164.2388234	11.5824172
127.5499316	11.65493602	164.3978336	11.21400428
127.711532	11.58872498	164.5561492	10.84657269
127.8735823	11.52281339	164.7139099	10.47988051
128.0360189	11.45710833	164.8712533	10.11370838
128.1987766	11.39153191	165.0283148	9.747866466
128.3617878	11.32602314	165.185228	9.382201516
128.5249828	11.2605398	165.3421242	9.016604242
