136.9722685	9.572132032	151.1572014	-3.392490409
137.0354683	9.607723005	151.1101859	-3.543433388
137.0986069	9.643311023	151.0630693	-3.694388537
137.1616953	9.678890902	151.0158395	-3.845376299
137.2247452	9.71445467	150.9684846	-3.996426693
137.2877682	9.749991424	150.9209927	-4.147578861
137.3507768	9.785487204	150.8733518	-4.298880628
137.4137834	9.820924861	150.8255502	-4.450388073
137.4768012	9.856283935	150.7775761	-4.602165091
137.5398434	9.891540542	150.7294179	-4.754282971
137.6029238	9.926667264	150.681064	-4.906819976
137.6660565	9.961633046	150.6325028	-5.059860925
137.7292561	9.996403102	150.583723	-5.213496778
137.7925375	10.03093882	150.5347131	-5.36782423
137.8559159	10.0651977	150.4854617	-5.522945304
137.919407	10.09913326	150.4359577	-5.678966947
137.9830269	10.13269497	150.3861898	-5.836000631
138.0467919	10.16582821	150.336147	-5.994161953
138.1107191	10.19847423	150.2858182	-6.153570243
138.1748256	10.23057007	150.2351924	-6.314348161
138.2391291	10.26204858	150.1842587	-6.476621313
138.3036477	10.29283836	150.1330063	-6.640517848
138.3684	10.3228638	150.0814245	-6.806168072
138.433405	10.35204502	150.0295027	-6.973704049
138.4986846	10.38029793	149.9772319	-7.143259208
138.5642876	10.40753423	149.9246202	-7.314967948
138.6302776	10.43366147	149.8716843	-7.488965229
138.6967175	10.45858315	149.8184405	-7.665386162
138.76367	10.48219874	149.764904	-7.844365571
138.8311972	10.50440394	149.7110892	-8.026037554
138.8993604	10.52509075	149.6570095	-8.210535016
138.9682205	10.54414773	149.6026776	-8.397989193
139.037838	10.56146025	149.5481048	-8.588529162
139.1082726	10.5769107	149.4933021	-8.78228133
139.1795836	10.59037886	149.438279	-8.979368913
139.2518295	10.60174224	149.3830442	-9.179911396
139.3250684	10.61087638	149.3276056	-9.384023981
139.3993577	10.61765537	149.2719696	-9.591817016
139.4747541	10.6219522	149.216142	-9.80339541
139.5513139	10.62363926	149.1601272	-10.01885804
139.6290924	10.6225889	149.1039284	-10.23829712
139.7081442	10.6186739	149.0475477	-10.46179759
139.7885233	10.6117681	148.9909862	-10.68943648
139.8702828	10.60174702	148.9342432	-10.92128222
139.953475	10.58848846	148.877317	-11.157394
140.0381514	10.57187324	148.8202044	-11.39782106
140.1243624	10.55178587	148.7629008	-11.64260201
140.2121522	10.52811535	148.7053951	-11.89176413
140.3014678	10.50075592	148.6475871	-12.14532262
140.3921735	10.46960786	148.5893009	-12.40327991
140.4841309	10.43457824	148.5303586	-12.66562504
140.5772023	10.39558168	148.4705823	-12.93233299
140.6712501	10.35254094	148.4097947	-13.20336422
140.7661375	10.30538761	148.347819	-13.4786642
140.861728	10.2540626	148.2844787	-13.75816298
140.9578855	10.19851672	148.2195979	-14.04177493
141.0544748	10.13871109	148.1530014	-14.32939842
141.1513609	10.07461761	148.0845143	-14.62091568
141.2484096	10.00621926	148.0139626	-14.91619268
141.3454873	9.933510469	147.9411728	-15.21507902
141.442461	9.856497386	147.8659721	-15.51740803
141.5391982	9.775198077	147.7881883	-15.82299679
141.6355673	9.689642716	147.7076501	-16.1316463
141.731437	9.599873715	147.6241868	-16.44314172
141.8266769	9.505945808	147.5376284	-16.75725264
141.9211572	9.407926083	147.4478058	-17.07373345
142.0147484	9.305893977	147.3545506	-17.39232375
142.1073219	9.199941216	147.257695	-17.71274886
142.1987496	9.090171716	147.1570722	-18.03472043
142.288904	8.97670143	147.0525159	-18.35793699
142.377658	8.859658156	146.9438613	-18.68208477
142.4649043	8.739181292	146.8309966	-19.00683841
142.5505706	8.615421559	146.7139083	-19.33186181
142.6345878	8.488540681	146.5925939	-19.65680904
142.7168865	8.358711053	146.4670519	-19.98132516
142.7973962	8.226115384	146.3372815	-20.30504717
142.8760463	8.09094631	146.2032826	-20.6276048
142.9527654	7.953405996	146.0650561	-20.94862146
143.0274815	7.813705703	145.9226038	-21.26771512
143.1001224	7.672065338	145.7759285	-21.58449917
143.1706151	7.52871297	145.625034	-21.89858334
143.2388864	7.383884325	145.4699251	-22.20957458
143.3048626	7.237822249	145.3106079	-22.51707801
143.3684696	7.090776145	145.1470897	-22.82069779
143.429633	6.943001377	144.9793788	-23.12003807
143.4882781	6.794758646	144.807485	-23.41470394
143.5443301	6.646313329	144.6314194	-23.70430234
143.5977137	6.497934793	144.4511943	-23.98844303
143.6483536	6.349895664	144.2668236	-24.26673957
143.6961744	6.202471072	144.0783225	-24.53881027
143.7411006	6.055937854	143.8857078	-24.80427921
143.7830568	5.910573719	143.6889978	-25.06277724
143.8219674	5.76665638	143.4882123	-25.31394298
143.8577572	5.62446264	143.2833728	-25.55742387
143.8903847	5.484267451	143.0745313	-25.79287721
143.9199553	5.346342933	142.8618665	-26.01997121
143.9466142	5.210957409	142.6455915	-26.23838602
143.9705069	5.078374484	142.4259202	-26.44781468
143.9917793	4.948852182	142.203067	-26.64796403
144.0105775	4.822642135	141.9772468	-26.83855554
144.0270479	4.699988836	141.7486748	-27.01932605
144.0413368	4.581128951	141.5175666	-27.19002848
144.0535908	4.466290676	141.2841379	-27.35043245
144.0639564	4.355693159	141.0486046	-27.50032482
144.0725801	4.249545973	140.8111825	-27.6395102
144.0796085	4.148048642	140.5720876	-27.76781139
144.0851878	4.051390225	140.3315357	-27.88506971
144.0894645	3.95974894	140.0897424	-27.9911453
144.0925846	3.873291857	139.8469233	-28.08591739
144.0946941	3.792174627	139.6032936	-28.16928445
144.0959391	3.716541271	139.3590684	-28.24116428
144.096465	3.646524012	139.1144622	-28.3014941
144.0964175	3.582243162	138.8696895	-28.35023051
144.0959419	3.523807053	138.6249641	-28.38734944
144.0951835	3.471312022	138.3804997	-28.41284597
144.0942874	3.424842436	138.1365094	-28.42673419
144.0933984	3.384470771	137.8932059	-28.42904691
144.0926534	3.350257738	137.650793	-28.41983537
144.0921349	3.322252443	137.4094136	-28.39916883
144.0919022	3.30049259	137.1691849	-28.36713422
144.0920147	3.285004689	136.9302227	-28.32383566
144.0925318	3.275804271	136.6926416	-28.26939399
144.0935127	3.272896118	136.4565553	-28.20394635
144.0950169	3.276274492	136.2220763	-28.12764569
144.0971038	3.285923371	135.9893159	-28.04066023
144.0998328	3.301816698	135.7583844	-27.94317296
144.1032635	3.323918629	135.5293909	-27.83538113
144.1074554	3.352183793	135.3024435	-27.71749569
144.112468	3.386557556	135.0776491	-27.58974072
144.1183609	3.426976293	134.8551136	-27.45235283
144.125194	3.473367669	134.6349416	-27.30558062
144.1330267	3.525650926	134.4172369	-27.149684
144.141919	3.583737175	134.202102	-26.98493361
144.1519306	3.647529703	133.9896384	-26.81161015
144.1631214	3.716924283	133.7799466	-26.63000372
144.1755513	3.791809492	133.5731259	-26.44041311
144.1892801	3.872067043	133.3692748	-26.24314514
144.204368	3.957572123	133.1684905	-26.03851391
144.2208748	4.048193742	132.9708693	-25.82684007
144.2388606	4.143795091	132.7765065	-25.60845006
144.2583842	4.244233912	132.5854934	-25.38367529
144.2794801	4.34936288	132.3978598	-25.15285139
144.3021607	4.459029985	132.2135796	-24.91631737
144.3264373	4.573078914	132.0326244	-24.67441485
144.3523214	4.691349422	131.8549658	-24.42748729
144.3798244	4.813677696	131.6805752	-24.17587925
144.4089577	4.939896711	131.5094238	-23.91993571
144.4397327	5.06983657	131.3414829	-23.66000138
144.4721609	5.203324848	131.1767235	-23.39642008
144.5062534	5.340186923	131.0151167	-23.12953409
144.5420218	5.480246295	130.8566333	-22.8596836
144.5794772	5.623324913	130.7012441	-22.58720612
144.618631	5.769243482	130.5489199	-22.31243593
144.6594944	5.917821773	130.3996313	-22.03570357
144.7020785	6.068878932	130.2533489	-21.75733533
144.7463944	6.222233773	130.110043	-21.4776528
144.7924532	6.377705082	129.969684	-21.19697237
144.8402658	6.535111911	129.8322421	-20.91560481
144.8898432	6.694273867	129.6976877	-20.63385483
144.9411962	6.85501141	129.5659906	-20.3520207
144.9943354	7.01714614	129.4371209	-20.07039381
145.0492716	7.18050109	129.3110484	-19.78925833
145.1060152	7.344901016	129.1877429	-19.50889083
145.1645766	7.510172687	129.067174	-19.22955991
145.2249522	7.676145185	128.9492984	-18.95152588
145.2871104	7.842650185	128.8340482	-18.67504042
145.3510168	8.009522245	128.7213522	-18.40034628
145.4166364	8.176599065	128.6111392	-18.12767697
145.4839345	8.343721734	128.5033381	-17.85725657
145.5528761	8.510734966	128.3978775	-17.58929942
145.6234264	8.677487306	128.2946863	-17.32400999
145.6955503	8.843831335	128.1936931	-17.06158265
145.7692126	9.00962385	128.0948267	-16.80220156
145.8443783	9.174726033	127.9980156	-16.54604049
145.9210121	9.339003605	127.9031885	-16.29326277
145.9990788	9.502326965	127.810274	-16.04402116
146.0785431	9.664571316	127.7192006	-15.79845781
146.1593695	9.82561678	127.6298969	-15.5567042
146.2415227	9.985348496	127.5422914	-15.31888114
146.3249671	10.14365671	127.4563127	-15.08509876
146.4096672	10.30043685	127.3718891	-14.85545654
146.4955875	10.45558958	127.2889493	-14.63004332
146.5826922	10.60902088	127.2074216	-14.40893738
146.6709458	10.76064205	127.1272345	-14.19220654
146.7603125	10.91036979	127.0483164	-13.97990821
146.8507566	11.05812615	126.9705957	-13.77208953
146.9422422	11.20383862	126.8940009	-13.56878752
147.034734	11.34744007	126.8184627	-13.37002919
147.128198	11.48886877	126.7439196	-13.17583175
147.2226004	11.62806835	126.6703116	-12.98620277
147.3179075	11.7649878	126.5975792	-12.80114039
147.4140854	11.89958143	126.5256628	-12.62063351
147.5111005	12.03180878	126.4545035	-12.44466205
147.6089188	12.16163465	126.3840425	-12.27319715
147.7075066	12.28902897	126.3142213	-12.10620142
147.8068302	12.41396676	126.2449816	-11.94362923
147.9068558	12.53642806	126.1762657	-11.78542696
148.0075495	12.65639786	126.1080158	-11.63153325
148.1088777	12.77386596	126.0401747	-11.48187938
148.2108066	12.88882694	125.9726855	-11.33638948
148.3133025	13.00128	125.9054915	-11.19498094
148.4163317	13.11122889	125.8385364	-11.05756467
148.5198606	13.21868177	125.7717642	-10.9240455
148.6238555	13.32365108	125.7051192	-10.79432249
148.7282828	13.42615341	125.6385462	-10.66828936
148.833109	13.52620939	125.5719903	-10.54583481
148.9383005	13.62384349	125.5053967	-10.42684298
149.0438239	13.71908392	125.4387113	-10.31119379
149.1496457	13.8119624	125.3718802	-10.19876343
149.2557326	13.90251406	125.3048499	-10.08942478
149.3620534	13.99077723	125.2375743	-9.98304784
149.468594	14.07679324	125.1700584	-9.87950021
149.575348	14.16060626	125.1023308	-9.778647558
149.6823093	14.24226312	125.0344204	-9.680354057
149.789472	14.32181308	124.9663565	-9.584482816
149.8968305	14.39930771	124.8981687	-9.490896281
150.0043793	14.4748007	124.8298869	-9.39945662
150.1121133	14.54834768	124.7615411	-9.310026083
150.2200274	14.62000607	124.693162	-9.222467341
150.328117	14.68983491	124.6247801	-9.136643806
150.4363775	14.75789471	124.5564267	-9.05241993
150.5448047	14.8242473	124.4881329	-8.969661484
150.6533946	14.88895567	124.4199305	-8.888235816
150.7621434	14.95208387	124.3518513	-8.808012092
150.8710475	15.0136968	124.2839275	-8.728861516
150.9801036	15.07386013	124.2161915	-8.650657532
151.0893086	15.13264012	124.1486761	-8.573276006
151.1986597	15.19010356	124.0814142	-8.496595392
151.3081544	15.24631756	124.0144391	-8.420496881
151.4177902	15.30134948	123.9477842	-8.344864526
151.527565	15.35526681	123.8814833	-8.269585359
151.637477	15.40813701	123.8155704	-8.19454948
151.7475245	15.46002744	123.7500798	-8.119650142
151.8577063	15.51100522	123.6850455	-8.044783809
151.9680266	15.56113714	123.6204952	-7.969850199
152.0784944	15.61048955	123.5564497	-7.894752321
152.1891189	15.65912823	123.4929295	-7.819396491
152.2999094	15.70711835	123.4299553	-7.743692344
152.4108751	15.75452433	123.3675476	-7.667552838
152.5220252	15.80140981	123.305727	-7.590894244
152.633369	15.84783753	123.244514	-7.513636136
152.7449155	15.89386929	123.1839294	-7.435701365
152.856674	15.93956588	123.1239935	-7.357016034
152.9686537	15.98498701	123.0647272	-7.277509455
153.0808638	16.03019131	123.0061508	-7.197114111
153.1933133	16.07523619	122.948285	-7.115765603
153.3060114	16.12017791	122.8911503	-7.033402592
153.4189673	16.16507143	122.8347674	-6.949966737
153.5321901	16.2099705	122.7791567	-6.865402621
153.6456888	16.25492751	122.7243388	-6.779657683
153.7594726	16.29999355	122.6703343	-6.692682129
153.8735506	16.34521838	122.6171636	-6.604428849
153.9879319	16.39065036	122.5648473	-6.514853323
154.1026255	16.43633653	122.5134059	-6.423913524
154.2176405	16.48232249	122.4628598	-6.331569816
154.332986	16.52865251	122.4132295	-6.237784841
154.4486709	16.57536943	122.3645354	-6.142523416
154.5647033	16.62251474	122.3167925	-6.045752405
154.6810891	16.67012851	122.2700081	-5.947440609
154.7978346	16.71824947	122.2241888	-5.847558636
154.9149457	16.76691495	122.179341	-5.746078791
155.0324287	16.81616093	122.1354713	-5.642974953
155.1502896	16.86602206	122.0925858	-5.538222465
155.2685346	16.9165316	122.0506908	-5.431798017
155.3871699	16.96772153	122.0097925	-5.323679542
155.5062016	17.01962247	121.9698969	-5.213846108
155.6256359	17.07226375	121.93101	-5.102277811
155.7454791	17.12567341	121.8931378	-4.988955677
155.8657375	17.1798782	121.8562861	-4.873861565
155.9864173	17.23490359	121.8204605	-4.756978069
156.1075248	17.29077382	121.785667	-4.638288428
156.2290663	17.34751188	121.7519109	-4.517776438
156.3510482	17.40513951	121.7191979	-4.395426367
156.4734768	17.46367728	121.6875335	-4.271222871
156.5963584	17.52314452	121.656923	-4.145150921
156.7196996	17.58355941	121.6273718	-4.017195723
156.8435067	17.64493892	121.5988852	-3.887342651
156.9677861	17.7072989	121.5714683	-3.755577181
157.0925443	17.77065404	121.5451264	-3.621884824
157.2177878	17.8350179	121.5198644	-3.486251069
157.3435224	17.90040291	121.4956848	-3.348661332
157.4697513	17.96682042	121.4725817	-3.209100898
157.5964772	18.03428066	121.4505471	-3.067554885
157.7237028	18.10279279	121.4295733	-2.92400821
157.8514306	18.17236488	121.4096526	-2.778445562
157.9796633	18.24300394	121.3907773	-2.630851395
158.1084033	18.31471589	121.3729396	-2.481209921
158.2376531	18.38750559	121.3561321	-2.329505117
158.3674152	18.46137682	121.3403469	-2.17572075
158.4976918	18.53633228	121.3255766	-2.019840397
158.6284854	18.61237357	121.3118136	-1.861847489
158.7597983	18.68950123	121.2990503	-1.701725357
158.8916325	18.76771464	121.2872792	-1.539457298
159.0239904	18.84701209	121.2764928	-1.375026636
159.156874	18.92739071	121.2666837	-1.208416812
159.2902853	19.00884647	121.2578445	-1.03961147
159.4242265	19.09137416	121.2499676	-0.868594562
159.5586995	19.17496735	121.2430457	-0.695350458
159.6937061	19.25961838	121.2370714	-0.519864075
159.8292482	19.34531829	121.2320373	-0.342121006
159.9653276	19.43205686	121.2279361	-0.162107669
160.101946	19.51982249	121.2247605	0.020188539
160.2391051	19.60860222	121.2225032	0.204779073
160.3768083	19.69838166	121.2211611	0.39167406
160.5150733	19.78914498	121.2207664	0.580882118
160.6539246	19.88087481	121.2213679	0.772410166
160.7933871	19.97355226	121.2230147	0.966263242
160.9334853	20.06715686	121.2257556	1.16244435
161.074244	20.16166658	121.2296395	1.3609543
161.2156878	20.25705777	121.2347151	1.561791586
161.3578414	20.35330518	121.2410311	1.764952258
161.5007295	20.45038197	121.2486359	1.970429825
161.6443768	20.54825974	121.257578	2.178215162
161.7888078	20.64690851	121.2679059	2.38829644
161.9340473	20.74629678	121.2796677	2.600659062
162.0801198	20.84639159	121.2929116	2.815285621
162.22705	20.94715853	121.3076858	3.03215587
162.3748624	21.04856182	121.3240381	3.251246707
162.5235817	21.15056438	121.3420165	3.472532172
162.6732323	21.2531279	121.3616687	3.695983467
162.8238387	21.35621294	121.3830422	3.921568979
162.9754256	21.459779	121.4061848	4.149254328
163.1280171	21.56378466	121.4311437	4.379002425
163.2816379	21.66818767	121.4579663	4.610773548
163.4363123	21.77294507	121.4866998	4.844525427
163.5920645	21.87801338	121.5173912	5.080213351
163.748917	21.98334866	121.5500855	5.31779029
163.9068654	22.08890673	121.5847998	5.557207023
164.0658862	22.1946433	121.6215312	5.798412281
164.2259554	22.30051414	121.6602769	6.041352888
164.3870492	22.4064752	121.7010339	6.28597389
164.5491439	22.51248273	121.7437998	6.532218684
164.7122158	22.61849344	121.7885723	6.780029133
164.8762415	22.72446455	121.8353497	7.029345679
165.0411976	22.83035393	121.8841301	7.280107453
165.2070609	22.93612016	121.9349122	7.532252368
165.3738084	23.04172262	121.9876948	7.785717221
165.5414171	23.14712153	122.0424773	8.040437776
165.7098641	23.25227805	122.0992589	8.296348852
165.8791268	23.35715424	122.1580395	8.553384406
166.0491828	23.4617132	122.2188191	8.811477601
166.2200096	23.56591901	122.2815978	9.070560886
166.391585	23.66973678	122.3463764	9.330566061
166.563887	23.77313265	122.4131555	9.591424343
166.7368938	23.87607379	122.4819365	9.853066431
166.9105834	23.97852838	122.5527205	10.11542256
167.0849346	24.08046562	122.6255094	10.37842258
167.2599257	24.18185564	122.7003051	10.64199597
167.4355357	24.28266954	122.7771097	10.90607195
167.6117437	24.38287925	122.8559258	11.17057948
167.7885369	24.4824576	122.9367514	11.43544737
167.9659156	24.58137813	123.0195775	11.70060428
168.1438808	24.67961514	123.1043947	11.9659788
168.3224336	24.77714357	123.1911933	12.23149949
168.5015753	24.87393896	123.2799641	12.49709489
168.6813068	24.96997742	123.3706974	12.76269362
168.8616293	25.06523554	123.4633839	13.02822433
169.0425438	25.15969038	123.5580143	13.29361579
169.2240513	25.25331943	123.6545791	13.55879685
169.4061528	25.34610054	123.7530691	13.82369652
169.5888493	25.43801189	123.8534749	14.08824394
169.7721416	25.52903201	123.9557871	14.3523684
169.9560308	25.61913966	124.0599967	14.61599936
170.1405177	25.70831389	124.1660942	14.87906642
170.3256032	25.79653396	124.2740704	15.14149938
170.5112881	25.88377935	124.3839161	15.40322818
170.6975731	25.97002974	124.4956221	15.6641829
170.8844591	26.05526497	124.6091791	15.92429382
171.0719467	26.13946508	124.724578	16.18349134
171.2600368	26.22261028	124.8418094	16.44170599
171.4487299	26.30468095	124.9608642	16.69886845
171.6380268	26.38565762	125.0817332	16.9549095
171.827928	26.46552102	125.2044072	17.20976003
172.0184303	26.54425208	125.3288744	17.46335105
172.2095172	26.62183192	125.4551144	17.7156136
172.4011689	26.69824187	125.5831048	17.96647883
172.5933658	26.77346351	125.712823	18.21587791
172.7860881	26.84747862	125.8442466	18.46374202
172.979316	26.92026922	125.9773531	18.71000235
173.1730294	26.99181756	126.11212	18.95458998
173.3672086	27.06210608	126.2485247	19.19743596
173.5618335	27.13111742	126.3865446	19.43847112
173.7568841	27.19883439	126.5261572	19.67762614
173.9523402	27.26523992	126.6673398	19.91483141
174.1481818	27.33031707	126.8100697	20.15001702
174.3443887	27.39404896	126.9543243	20.38311266
174.5409407	27.45641876	127.1000809	20.61404757
174.7378175	27.51740958	127.2473167	20.84275045
174.9349988	27.5770045	127.3960089	21.06914941
175.1324644	27.63518646	127.5461347	21.29317186
175.3301938	27.69193819	127.6976713	21.51474446
175.5281667	27.7472422	127.8505958	21.73379298
175.7263628	27.80108065	128.0048853	21.95024231
175.9247615	27.8534353	128.1605168	22.16401624
176.1233425	27.90428745	128.3174673	22.3750375
176.3220853	27.9536178	128.4757139	22.58322756
176.5209727	28.00140643	128.6352361	22.78850661
176.7200071	28.04763265	128.7960299	22.9907934
176.9191973	28.09227494	128.9580965	23.19000523
177.1185523	28.13531086	129.1214371	23.38605777
177.3180813	28.17671698	129.2860529	23.57886509
177.5177933	28.2164688	129.4519449	23.7683395
177.7176977	28.25454072	129.6191142	23.95439159
177.9178036	28.29090598	129.7875617	24.13693014
178.1181204	28.32553662	129.9572885	24.31586208
178.3186575	28.35840347	130.1282953	24.49109255
178.5194243	28.38947611	130.3005831	24.66252481
178.7204303	28.4187229	130.4741527	24.8300603
178.9216852	28.44611097	130.6490048	24.99359868
179.1231985	28.47160621	130.8251404	25.15303782
179.3249799	28.49517334	131.0025601	25.30827387
179.5270391	28.51677592	131.1812648	25.45920135
179.7293859	28.53637641	131.3612551	25.6057132
180.0679697	28.55394144	131.5425319	25.74770088
180.1349819	28.56945767	131.7250959	25.88505449
180.3382509	28.58291084	131.9089479	26.01766287
180.5418472	28.59426493	132.0940886	26.14541378
180.7457808	28.60347799	132.2805189	26.26819402
180.9500618	28.61050746	132.4682397	26.38588961
181.1546989	28.61531037	132.6572495	26.498386
181.3596784	28.6178434	132.8475142	26.60556824
181.5649687	28.61806309	133.0389737	26.70732125
181.7705375	28.61592593	133.2315671	26.80352995
181.9763524	28.61138852	133.4252332	26.89407954
182.1823805	28.60440771	133.6199104	26.97885562
182.3885886	28.59494069	133.815537	27.05774445
182.5949435	28.58294514	134.0120512	27.13063305
182.8014113	28.56837931	134.2093905	27.19740941
183.0079582	28.55120212	134.4074928	27.25796261
183.2145499	28.53137328	134.6062953	27.312183
183.4211519	28.50885334	134.8057352	27.35996232
183.6277296	28.48360379	135.0057494	27.40119382
183.8342479	28.45558713	135.2062748	27.4357724
184.0406716	28.42476694	135.4072479	27.46359473
184.2469651	28.3911079	135.608605	27.48455933
184.4530928	28.35457591	135.8102824	27.49856668
184.6590188	28.31513806	136.0122161	27.50551932
184.8647067	28.2727627	136.214342	27.50532196
185.0701203	28.22741949	136.4165958	27.4978815
185.2752229	28.17907938	136.6189131	27.48310717
185.4799778	28.12771465	136.8212292	27.46091054
185.6843477	28.07329891	137.0234794	27.43120565
185.8882958	28.01580711	137.225599	27.393909
186.0917926	27.95521553	137.4275315	27.34893965
186.294822	27.89150174	137.6292345	27.29621924
186.4973691	27.82464466	137.830667	27.23567209
186.699419	27.75462447	138.0317878	27.1672252
186.9009565	27.68142266	138.232556	27.09080835
187.1019665	27.60502201	138.4329302	27.00635418
187.3024338	27.5254066	138.6328693	26.91379825
187.5023431	27.44256179	138.8323321	26.81307914
187.7016791	27.35647427	139.0312774	26.70413854
187.9004262	27.26713206	139.2296638	26.58692137
188.0985689	27.17452448	139.4274502	26.46137586
188.2960919	27.07864225	139.6245952	26.3274537
188.4929793	26.97947745	139.8210574	26.18511018
188.6892155	26.87702359	140.0167956	26.03430429
188.8847848	26.7712756	140.2117682	25.87499887
189.0796714	26.66222991	140.4059339	25.70716081
189.2738595	26.54988445	140.5992511	25.53076117
189.4673331	26.43423871	140.7916786	25.34577538
189.6600765	26.3152938	140.9831746	25.1521834
189.8520735	26.19305247	141.1736978	24.94996993
190.0433082	26.06751918	141.3632064	24.73912461
190.2337645	25.93870014	141.551659	24.51964223
190.4234264	25.80660341	141.7390138	24.29152294
190.6122733	25.67123891	141.9252151	24.05477249
190.8002732	25.53261854	142.1101716	23.80940247
190.9873925	25.39075618	142.2937864	23.55543052
191.1735975	25.24566782	142.4759626	23.29288056
191.3588549	25.09737157	142.6566035	23.02178298
191.5431312	24.9458877	142.8356125	22.74217484
191.7263932	24.79123874	143.0128932	22.45410002
191.9086077	24.63344948	143.1883491	22.15760937
192.0897417	24.472547	143.3618839	21.85276086
192.2697623	24.30856073	143.5334015	21.53961968
192.4486367	24.14152246	143.7028058	21.21825834
192.6263321	23.97146636	143.8700006	20.88875677
192.8028161	23.79842901	144.0348901	20.55120236
192.9780561	23.62244938	144.1973785	20.20569005
193.1520199	23.44356887	144.3573699	19.85232231
193.3246752	23.2618313	144.5147688	19.49120919
193.4959899	23.0772829	144.6694795	19.1224683
193.6659322	22.88997231	144.8214065	18.74622479
193.8344701	22.69995053	144.9704544	18.36261132
194.0015719	22.50727097	145.116528	17.97176795
194.167206	22.31198935	145.2595318	17.57384213
194.331341	22.1141637	145.3993709	17.16898854
194.4939455	21.91385432	145.53595	16.757369
194.6549899	21.71112374	145.6691794	16.33915231
194.8144556	21.50603667	145.7990001	15.91451409
194.9723275	21.29865993	145.9253649	15.48363661
195.1285903	21.0890624	146.048226	15.04670863
195.2832282	20.87731499	146.1675352	14.60392517
195.4362255	20.66349058	146.2832442	14.15548738
195.5875657	20.44766393	146.3953041	13.70160232
195.7372323	20.22991167	146.5036657	13.24248277
195.8852084	20.01031224	146.6082797	12.77834708
196.031477	19.78894582	146.7090962	12.3094189
196.1760206	19.56589426	146.8060652	11.83592703
196.3188215	19.34124106	146.8991363	11.3581052
196.4598617	19.11507126	146.9882588	10.87619181
196.5991232	18.88747144	147.0733818	10.39042976
196.7365874	18.65852956	147.1544542	9.901066134
196.8722358	18.42833498	147.2314244	9.408352033
197.0060494	18.19697832	147.304241	8.912542251
197.1380091	17.96455142	147.372852	8.413895023
197.2680958	17.7311472	147.4372054	7.912671733
197.3962899	17.49685965	147.497249	7.409136611
197.5225717	17.26178365	147.5529303	6.90355641
197.6469214	17.02601492	147.6041968	6.396200073
197.7693191	16.78964991	147.6509958	5.887338382
197.8897452	16.55278564	147.6932768	5.377243578
198.0081929	16.31551962	147.7310277	4.866188982
198.1246657	16.0779497	147.7642685	4.354448589
198.2391678	15.84017397	147.7930208	3.842296676
198.3517035	15.6022906	147.8173064	3.330007419
198.4622776	15.36439772	147.8371474	2.817854518
198.5708948	15.12659335	147.8525665	2.306110835
198.6775603	14.88897523	147.8635866	1.795048044
198.7822794	14.65164071	147.870231	1.284936285
198.8850575	14.41468667	147.8725233	0.776043832
198.9859003	14.17820937	147.8704876	0.268636764
199.0848137	13.94230437	147.8641484	-0.237021354
199.1818037	13.70706638	147.8535304	-0.740669784
199.2768765	13.47258922	147.8386587	-1.242050926
199.3700385	13.23896563	147.8195589	-1.740910616
199.4612961	13.00628721	147.7962568	-2.23699843
199.5506562	12.77464433	147.7687789	-2.730067977
199.6381253	12.54412597	147.7371516	-3.219877193
199.7237105	12.31481963	147.7014021	-3.706188629
199.8074188	12.08681126	147.6615578	-4.18876974
199.8892573	11.8601851	147.6176464	-4.667393178
199.9692334	11.6350236	147.5696961	-5.141837071
200.0473543	11.41140728	147.5177354	-5.611885316
200.1236278	11.18941466	147.4617939	-6.077327866
200.1980722	10.96912211	147.4019247	-6.53796102
200.2707193	10.75060373	147.3382094	-6.993587703
200.3416012	10.5339313	147.2707313	-7.444017736
200.4107504	10.3191741	147.1995737	-7.88906809
200.4781992	10.10639888	147.1248194	-8.328563107
200.5439801	9.895669758	147.0465512	-8.762334709
200.6081255	9.68704815	146.9648516	-9.190222586
200.6706676	9.480592693	146.879803	-9.612074366
200.731639	9.276359201	146.7914873	-10.02774576
200.791072	9.074400613	146.6999864	-10.43710069
200.848999	8.874766947	146.6053816	-10.84001141
200.9054523	8.677505269	146.5077541	-11.23635861
200.9604644	8.482659666	146.4071848	-11.62603147
201.0140675	8.290271225	146.3037541	-12.00892776
201.0662941	8.10037802	146.1975422	-12.38495387
201.1171764	7.913015106	146.088629	-12.75402482
201.1667468	7.728214519	145.9770937	-13.11606436
201.2150375	7.546005286	145.8630156	-13.47100487
201.2620808	7.366413433	145.7464731	-13.81878744
201.3079091	7.189462011	145.6275446	-14.15936183
201.3525545	7.015171117	145.5063079	-14.49268641
201.3960492	6.843557929	145.3828403	-14.81872812
201.4384256	6.674636744	145.2572189	-15.13746248
201.4797115	6.508419021	145.1295166	-15.44887342
201.5199238	6.344913434	144.9997972	-15.75295328
201.5590774	6.184125914	144.8681226	-16.0497027
201.597187	6.026059708	144.7345549	-16.33913052
201.6342674	5.870715417	144.5991563	-16.62125371
201.6703337	5.718091049	144.4619891	-16.89609726
201.7054005	5.568182053	144.3231156	-17.16369405
201.7394829	5.420981368	144.1825981	-17.42408479
201.7725957	5.276479454	144.0404992	-17.67731788
201.8047538	5.134664335	143.8968813	-17.92344929
201.8359721	4.995521628	143.7518068	-18.16254244
201.8662654	4.859034577	143.6053385	-18.39466809
201.8956486	4.725184083	143.4575388	-18.61990418
201.9241367	4.593948734	143.3084703	-18.8383357
201.9517444	4.465304829	143.1581958	-19.05005455
201.9784867	4.339226403	143.0067778	-19.25515939
202.0043784	4.215685253	142.8542791	-19.45375546
202.0294344	4.094650955	142.7007621	-19.64595444
202.0536694	3.976090884	142.5462897	-19.83187427
202.0770983	3.859970238	142.3909243	-20.01163896
202.0997359	3.746252047	142.2347286	-20.18537838
202.121597	3.634897195	142.0777652	-20.35322813
202.1426963	3.525864431	141.9200966	-20.51532927
202.1630505	3.419110383	141.761784	-20.67182812
202.1826873	3.314589574	141.6028796	-20.82287605
202.2016396	3.212254436	141.4434322	-20.96862922
202.2199398	3.112055334	141.28349	-21.10924838
202.2376204	3.013940594	141.1231013	-21.24489859
202.254714	2.917856544	140.9623144	-21.37574898
202.2712529	2.823747562	140.8011771	-21.50197253
202.2872695	2.731556123	140.6397373	-21.62374574
202.3027961	2.641222872	140.4780427	-21.74124843
202.317865	2.552686687	140.3161409	-21.85466342
202.3325086	2.465884766	140.1540793	-21.96417628
202.346759	2.380752712	139.9919052	-22.06997502
202.3606486	2.297224634	139.8296658	-22.17224978
202.3742094	2.215233255	139.6674081	-22.27119253
202.3874737	2.134710029	139.5051791	-22.36699677
202.4004737	2.055585266	139.3430256	-22.45985717
202.4132416	1.977788276	139.1809943	-22.54996925
202.4258095	1.901247509	139.0191317	-22.63752899
202.4382095	1.825890719	138.8574843	-22.72273251
202.4504739	1.75164513	138.6960985	-22.80577567
202.4626347	1.678437615	138.5350204	-22.88685366
202.4747242	1.606194889	138.3742962	-22.96616064
202.4867743	1.534843714	138.2139718	-23.04388925
202.4988141	1.464311104	138.0540878	-23.12023023
202.5108378	1.394524561	137.8946264	-23.19537195
202.5228181	1.325412289	137.7355339	-23.26949995
202.5347275	1.256903419	137.576756	-23.34279654
202.5465384	1.18892821	137.4182386	-23.41544036
202.5582232	1.121418235	137.2599275	-23.487606
202.5697543	1.054306555	137.1017684	-23.55946372
202.5811041	0.987527881	136.9437073	-23.63117902
202.592245	0.921018716	136.78569	-23.70291245
202.6031493	0.854717489	136.6276625	-23.77481925
202.6137894	0.788564672	136.4695707	-23.84704918
202.6241377	0.72250288	136.3113606	-23.91974624
202.6341666	0.656476968	136.1529781	-23.9930485
202.6438482	0.590434106	135.9943693	-24.06708792
202.6531551	0.524323843	135.8354804	-24.14199022
202.6620595	0.45809816	135.6762574	-24.21787469
202.6705337	0.391711512	135.5166465	-24.29485418
202.6785501	0.325120848	135.3565939	-24.37303491
202.6860809	0.258285636	135.1960459	-24.45251649
202.6930985	0.191167855	135.0349487	-24.53339183
202.6995752	0.123731994	134.8732488	-24.61574714
202.7054832	0.055945027	134.7108924	-24.69966191
202.7107948	-0.012223619	134.5478262	-24.78520895
202.7154826	-0.080802109	134.3839969	-24.87245441
202.7195317	-0.149816258	134.2193649	-24.96145785
202.7229433	-0.219289587	134.0539085	-25.0522723
202.7257201	-0.289243399	133.8876069	-25.14494433
202.7278646	-0.359696833	133.720439	-25.23951418
202.7293794	-0.430666931	133.5523835	-25.33601578
202.7302669	-0.502168697	133.3834188	-25.43447693
202.7305299	-0.574215145	133.2135231	-25.53491929
202.7301708	-0.646817361	133.0426742	-25.63735857
202.7291922	-0.719984546	132.8708498	-25.74180459
202.7275968	-0.793724064	132.6980272	-25.8482614
202.7253871	-0.868041484	132.5241836	-25.95672736
202.7225657	-0.942940625	132.3492958	-26.06719531
202.7191353	-1.018423587	132.1733405	-26.17965263
202.7150985	-1.094490788	131.9962939	-26.2940814
202.7104578	-1.171140994	131.8181321	-26.41045852
202.705216	-1.248371349	131.6388309	-26.52875581
202.6993756	-1.326177395	131.4583658	-26.64894021
202.6929394	-1.404553097	131.2767122	-26.77097384
202.68591	-1.48349086	131.093845	-26.89481422
202.6782901	-1.562981544	130.909739	-27.02041436
202.6700823	-1.643014475	130.7243687	-27.14772297
202.6612894	-1.723577456	130.5377082	-27.27668457
202.651914	-1.804656771	130.3497314	-27.40723972
202.6419544	-1.886237191	130.1604148	-27.53932512
202.631396	-1.96830197	129.9697426	-27.67287386
202.6202214	-2.050832854	129.7777007	-27.80781556
202.6084136	-2.133810088	129.5842751	-27.9440766
202.5959554	-2.217212432	129.3894523	-28.08158024
202.5828296	-2.301017179	129.1932188	-28.22024689
202.569019	-2.385200189	128.9955612	-28.35999426
202.5545065	-2.469735921	128.7964665	-28.50073756
202.5392748	-2.554597472	128.5959218	-28.6423897
202.5233069	-2.639756631	128.3939147	-28.78486149
202.5065854	-2.725183929	128.1904325	-28.92806186
202.4890933	-2.810848704	127.9854632	-29.07189805
202.4708133	-2.89671917	127.7789947	-29.21627581
202.4517283	-2.982762491	127.5710154	-29.36109965
202.431821	-3.068944868	127.3615137	-29.50627301
202.4110743	-3.155231629	127.1504783	-29.65169853
202.3894709	-3.241587326	126.9378981	-29.79727824
202.3669936	-3.327975842	126.7237623	-29.94291381
202.3436251	-3.414360506	126.5080603	-30.08850676
202.3193483	-3.500704214	126.2907817	-30.23395873
202.2941459	-3.586969557	126.0719164	-30.37917171
202.2680006	-3.673118962	125.8514544	-30.52404828
202.2408952	-3.759114837	125.629386	-30.66849187
202.2128184	-3.844919722	125.4057097	-30.81240704
202.183787	-3.930496456	125.1804605	-30.95569972
202.1538263	-4.01580833	124.9536835	-31.09827746
202.1229611	-4.100819241	124.7254242	-31.2400497
202.0912167	-4.185493834	124.4957274	-31.38092797
202.0586179	-4.269797634	124.2646379	-31.52082611
202.02519	-4.353697162	124.0322003	-31.65966044
201.9909579	-4.437160046	123.7984588	-31.79734995
201.9559467	-4.520155126	123.5634577	-31.93381643
201.9201816	-4.602652534	123.3272408	-32.06898465
201.8836874	-4.684623782	123.0898518	-32.20278243
201.8464894	-4.766041826	122.851334	-32.33514074
201.8086125	-4.846881127	122.6117307	-32.46599386
201.7700818	-4.927117703	122.3710849	-32.59527938
201.7309224	-5.006729166	122.1294392	-32.72293827
201.6911593	-5.085694754	121.8868361	-32.84891498
201.6508176	-5.163995351	121.6433178	-32.97315738
201.6099223	-5.2416135	121.3989263	-33.09561685
201.5684985	-5.318533406	121.1537033	-33.21624826
201.5265713	-5.394740925	120.9076902	-33.33500992
201.4841656	-5.470223551	120.6609282	-33.45186363
201.4413065	-5.544970388	120.4134582	-33.56677455
201.3980191	-5.61897212	120.1653209	-33.67971124
201.3543274	-5.69222096	119.9165554	-33.79064554
201.3102443	-5.764710602	119.6671863	-33.89955251
201.2657751	-5.836436163	119.4172285	-34.00641035
201.220925	-5.907394119	119.1666969	-34.11120032
201.1756992	-5.977582251	118.9156064	-34.21390663
201.1301028	-6.046999576	118.663972	-34.3145164
201.0841408	-6.115646296	118.4118087	-34.41301953
201.0378184	-6.183523731	118.1591317	-34.50940863
200.9911405	-6.250634261	117.905956	-34.60367895
200.9441121	-6.316981271	117.6522969	-34.69582826
200.8967382	-6.382569082	117.3981697	-34.78585681
200.8490237	-6.447402904	117.1435897	-34.87376721
200.8009735	-6.511488767	116.8885721	-34.95956434
200.7525924	-6.574833467	116.6331325	-35.04325529
200.7038852	-6.637444508	116.3772863	-35.12484926
200.6548567	-6.699330041	116.121049	-35.20435749
200.6055116	-6.760498809	115.8644361	-35.28179313
200.5558546	-6.820960089	115.6074633	-35.35717122
200.5058904	-6.880723631	115.3501461	-35.43050853
200.4556235	-6.939799605	115.0925002	-35.50182355
200.4050585	-6.998198542	114.8345414	-35.57113632
200.3542	-7.055931276	114.5762853	-35.63846843
200.3030524	-7.113008889	114.3177477	-35.70384284
200.2516202	-7.169442653	114.0589444	-35.76728387
200.1999037	-7.225243975	113.7998879	-35.82881705
200.1478981	-7.280424338	113.5405861	-35.88846908
200.0955979	-7.334995254	113.281047	-35.9462677
200.042998	-7.388968212	113.0212786	-36.00224163
199.990093	-7.442354636	112.7612892	-36.05642047
199.9368778	-7.495165847	112.5010875	-36.10883463
199.8833471	-7.547413025	112.2406821	-36.15951524
199.8294959	-7.599107181	111.9800822	-36.20849409
199.7753191	-7.65025913	111.7192969	-36.25580353
199.7208116	-7.700879471	111.4583357	-36.30147641
199.6659685	-7.750978565	111.1972082	-36.34554601
199.6107848	-7.800566524	110.9359244	-36.38804595
199.5552557	-7.849653202	110.6744943	-36.42901014
199.4993763	-7.898248186	110.4129284	-36.4684727
199.4431417	-7.946360799	110.1512371	-36.50646788
199.3865474	-7.994000095	109.8894313	-36.54303001
199.3295886	-8.041174872	109.6275219	-36.5781934
199.2722606	-8.087893676	109.3655201	-36.61199231
199.2145588	-8.134164819	109.1034374	-36.64446082
199.1564789	-8.179996391	108.8412854	-36.67563284
199.0980162	-8.225396284	108.5790759	-36.70554194
199.0391664	-8.270372214	108.316821	-36.73422136
198.9799251	-8.31493175	108.0545329	-36.76170389
198.920293	-8.359082345	107.7922199	-36.7880218
198.8602813	-8.402831364	107.5298815	-36.81320678
198.7999024	-8.446186123	107.2675158	-36.83728983
198.7391689	-8.489153909	107.0051209	-36.86030122
198.6780932	-8.531742009	106.7426945	-36.88227042
198.6166877	-8.573957725	106.4802344	-36.90322602
198.5549648	-8.61580839	106.2177383	-36.92319568
198.4929369	-8.657301376	105.9552037	-36.9422061
198.4306163	-8.698444101	105.6926278	-36.96028292
198.3680153	-8.739244029	105.4300079	-36.97745074
198.3051462	-8.779708665	105.167341	-36.99373301
198.2420212	-8.819845549	104.9046242	-37.00915206
198.1786526	-8.859662239	104.6418543	-37.02372901
198.1150524	-8.899166299	104.3790279	-37.03748379
198.0512329	-8.938365271	104.1161417	-37.0504351
197.9872061	-8.977266653	103.853192	-37.06260037
197.9229842	-9.015877862	103.5901752	-37.07399579
197.858579	-9.054206207	103.3270876	-37.08463625
197.7940027	-9.092258838	103.0639251	-37.09453537
197.7292673	-9.130042708	102.8006837	-37.10370548
197.6643845	-9.167564523	102.5373593	-37.11215764
197.5993664	-9.204830682	102.2739475	-37.11990164
197.5342247	-9.241847223	102.010444	-37.12694599
197.4689685	-9.278619759	101.7468448	-37.13329796
197.4035926	-9.315153408	101.4831481	-37.1389636
197.3380873	-9.351452729	101.2193535	-37.14394775
197.2724428	-9.387521656	100.9554607	-37.14825408
197.2066495	-9.423363443	100.6914698	-37.15188512
197.1406974	-9.458980608	100.4273812	-37.15484225
197.0745767	-9.494374885	100.1631955	-37.1571258
197.0082777	-9.529547184	99.89891367	-37.15873505
196.9417902	-9.564497554	99.63453702	-37.15966824
196.8751044	-9.599225148	99.37006713	-37.15992268
196.8082102	-9.633728199	99.10550586	-37.1594947
196.7410976	-9.668003997	98.84085539	-37.15837978
196.6737565	-9.702048877	98.57611819	-37.15657254
196.6061767	-9.735858205	98.31129702	-37.15406679
196.538348	-9.769426374	98.04639494	-37.15085559
196.4702602	-9.802746805	97.78141529	-37.14693128
196.4019031	-9.835811955	97.5163617	-37.14228556
196.3332662	-9.868613323	97.25123808	-37.13690949
196.2643392	-9.901141476	96.98604865	-37.13079357
196.1951117	-9.933386065	96.72079787	-37.12392779
196.1255731	-9.965335855	96.45549049	-37.11630167
196.0557131	-9.996978761	96.19013155	-37.1079043
195.985521	-10.02830189	95.92472633	-37.09872443
195.9149865	-10.05929158	95.65928022	-37.08875045
195.8441032	-10.08993347	95.39379626	-37.07797054
195.7728679	-10.12021253	95.12827581	-37.06637261
195.7012771	-10.15011313	94.86272016	-37.05394444
195.6293275	-10.17961913	94.59713061	-37.04067371
195.5570162	-10.20871391	94.33150848	-37.02654803
195.4843398	-10.23738045	94.06585508	-37.01155502
195.4112954	-10.26560142	93.80017171	-36.99568239
195.33788	-10.29335923	93.5344597	-36.97891797
195.2640906	-10.32063611	93.26872038	-36.96124979
195.1899244	-10.34741421	93.00295507	-36.94266618
195.1153785	-10.37367567	92.7371651	-36.92315577
195.0404504	-10.39940269	92.47135184	-36.90270763
194.9651372	-10.42457765	92.20551662	-36.88131131
194.8894365	-10.44918319	91.93966082	-36.85895694
194.8133457	-10.47320229	91.6737858	-36.83563529
194.7368623	-10.4966184	91.40789295	-36.81133787
194.6599841	-10.5194155	91.14198366	-36.786057
194.5827087	-10.54157824	90.87605936	-36.75978592
194.5050339	-10.56309205	90.61012145	-36.73251885
194.4269576	-10.5839432	90.34417139	-36.70425112
194.3484777	-10.60411897	90.07821062	-36.67497925
194.2695923	-10.62360776	89.81224063	-36.64470103
194.1903	-10.64239917	89.54626355	-36.61341566
194.1106143	-10.66048416	89.28029772	-36.58112382
194.0305644	-10.67785516	89.0143784	-36.54782779
193.9501801	-10.6945062	88.74854156	-36.51353154
193.8694915	-10.71043298	88.48282304	-36.4782408
193.7885286	-10.72563299	88.21725855	-36.44196314
193.7073216	-10.74010559	87.9518837	-36.40470803
193.6259007	-10.75385205	87.68673397	-36.36648686
193.5442964	-10.76687566	87.42184471	-36.32731297
193.462539	-10.77918173	87.15725116	-36.2872017
193.380659	-10.79077765	86.89298844	-36.24617033
193.2986871	-10.80167289	86.62909155	-36.20423813
193.2166539	-10.81187903	86.36559534	-36.1614263
193.1345902	-10.82140978	86.10253458	-36.11775793
193.0525268	-10.83028091	85.83994388	-36.07325797
192.9704946	-10.83851026	85.57785774	-36.02795314
192.8885246	-10.84611773	85.31631052	-35.98187188
192.8066479	-10.85312518	85.05533647	-35.93504423
192.7248955	-10.85955638	84.7949697	-35.88750174
192.6432988	-10.86543697	84.5352442	-35.83927737
192.5618888	-10.87079435	84.27619381	-35.79040533
192.4806971	-10.87565755	84.01785226	-35.74092093
192.3997549	-10.8800572	83.76025313	-35.69086046
192.3190936	-10.88402532	83.5034298	-35.64026099
192.238734	-10.88759524	83.24740034	-35.58916019
192.158672	-10.89080141	82.99214791	-35.53759614
192.0788999	-10.89367929	82.73765083	-35.48560714
191.9994103	-10.89626519	82.48388754	-35.43323152
191.9201953	-10.89859612	82.23083654	-35.38050746
191.8412472	-10.90070965	81.9784764	-35.32747286
191.7625581	-10.9026438	81.72678578	-35.27416516
191.6841202	-10.90443688	81.47574342	-35.22062121
191.6059253	-10.90612739	81.22532815	-35.16687714
191.5279656	-10.9077539	80.97551887	-35.11296826
191.4502328	-10.9093549	80.72629457	-35.05892893
191.3727188	-10.91096874	80.47763433	-35.00479247
191.2954152	-10.91263348	80.22951731	-34.95059108
191.218314	-10.91438679	79.98192277	-34.89635577
191.1414065	-10.91626588	79.73483004	-34.84211625
191.0646844	-10.91830737	79.48821856	-34.78790094
190.9881393	-10.9205472	79.24206785	-34.73373687
190.9117625	-10.92302057	78.99635752	-34.67964966
190.8355454	-10.92576179	78.75106729	-34.62566351
190.7594794	-10.92880427	78.50617695	-34.57180113
190.6835558	-10.9321804	78.2616664	-34.51808379
190.6077656	-10.93592145	78.01751565	-34.46453127
190.5321002	-10.94005755	77.77370479	-34.41116189
190.4565495	-10.94461758	77.53021615	-34.35799253
190.3810981	-10.9496291	77.28704375	-34.30503863
190.3057286	-10.9551183	77.04418564	-34.25231425
190.2304234	-10.96110995	76.80163999	-34.19983208
190.1551652	-10.96762732	76.55940507	-34.14760346
190.0799364	-10.97469215	76.31747927	-34.09563844
190.0047196	-10.98232462	76.0758611	-34.04394577
189.9294971	-10.9905433	75.83454915	-33.99253297
189.8542514	-10.99936513	75.59354215	-33.94140634
189.7789648	-11.0088054	75.35283891	-33.890571
189.7036199	-11.01887775	75.11243836	-33.84003088
189.6281987	-11.02959411	74.87233952	-33.7897888
189.5526838	-11.04096477	74.63254151	-33.73984648
189.4770574	-11.05299834	74.39304357	-33.69020454
189.4013017	-11.06570176	74.15384503	-33.64086258
189.3253991	-11.07908033	73.91494529	-33.59181916
189.2493316	-11.09313772	73.67634387	-33.54307183
189.1730815	-11.10787601	73.43804038	-33.49461718
189.096631	-11.12329571	73.20003451	-33.44645085
189.0199622	-11.13939582	72.96232605	-33.39856755
188.9430572	-11.15617385	72.72491487	-33.35096109
188.8658982	-11.17362588	72.48780092	-33.30362437
188.7884671	-11.19174664	72.25098424	-33.25654946
188.7107474	-11.21052955	72.01446475	-33.20972757
188.6327341	-11.22996677	71.77824071	-33.16314908
188.5544283	-11.25004934	71.5423095	-33.11680358
188.4758312	-11.27076717	71.30666837	-33.07067984
188.3969442	-11.29210916	71.07131457	-33.02476589
188.3177685	-11.31406327	70.83624526	-32.979049
188.2383056	-11.33661653	70.60145755	-32.93351571
188.1585567	-11.35975516	70.36694851	-32.88815184
188.0785235	-11.38346459	70.13271514	-32.84294254
187.9982073	-11.40772953	69.89875442	-32.79787229
187.9176099	-11.43253404	69.66506324	-32.7529249
187.8367328	-11.45786153	69.43163848	-32.7080836
187.7555776	-11.48369485	69.19847697	-32.66333101
187.6741462	-11.51001634	68.96557548	-32.61864918
187.5924403	-11.53680783	68.73293076	-32.57401962
187.5104617	-11.56405072	68.50053951	-32.52942333
187.4282122	-11.59172601	68.26839839	-32.48484083
187.3456939	-11.6198143	68.03650404	-32.44025219
187.2629088	-11.64829589	67.80485304	-32.39563707
187.1798588	-11.67715075	67.57344195	-32.35097474
187.0965461	-11.70635857	67.34226732	-32.30624412
187.0129728	-11.7358988	67.11132563	-32.26142382
186.9291412	-11.76575065	66.88061336	-32.21649221
186.8450533	-11.79589313	66.65012704	-32.17142739
186.7607073	-11.82630506	66.41986562	-32.12620732
186.6760967	-11.85696511	66.18983086	-32.08080979
186.5912147	-11.88785177	65.96002475	-32.0352125
186.5060545	-11.91894343	65.73044939	-31.98939314
186.4206093	-11.95021839	65.50110697	-31.94332934
186.3348721	-11.98165485	65.27199979	-31.89699883
186.248836	-12.01323099	65.04313022	-31.85037938
186.162494	-12.04492496	64.81450074	-31.80344892
186.0758392	-12.07671496	64.58611393	-31.75618554
185.9888643	-12.10857923	64.35797243	-31.70856757
185.9015624	-12.14049612	64.13007899	-31.66057358
185.8139262	-12.17244414	63.90243644	-31.61218245
185.7259485	-12.20440198	63.67504771	-31.56337344
185.637622	-12.23634859	63.44791579	-31.51412617
185.5489395	-12.26826321	63.22104377	-31.46442072
185.4598937	-12.30012543	62.9944348	-31.41423764
185.370477	-12.33191527	62.76809214	-31.363558
185.2806822	-12.36361323	62.54201909	-31.31236348
185.1905017	-12.39520034	62.31621906	-31.26063632
185.0999279	-12.42665828	62.09069549	-31.20835946
185.0089533	-12.4579694	61.86545194	-31.15551653
184.9175703	-12.48911684	61.64049199	-31.1020919
184.8257713	-12.5200846	61.41581934	-31.04807075
184.7335561	-12.55085761	61.19144119	-30.99343908
184.6409438	-12.58142185	60.96737334	-30.93818378
184.5479559	-12.61176441	60.74363279	-30.88229268
184.4546143	-12.64187359	60.52023645	-30.82575454
184.3609407	-12.67173894	60.29720114	-30.76855912
184.2669569	-12.70135134	60.07454356	-30.7106972
184.1726846	-12.73070304	59.85228037	-30.6521606
184.0781456	-12.75978772	59.63042809	-30.59294216
183.9833617	-12.78860047	59.40900319	-30.53303579
183.8883547	-12.81713788	59.18802203	-30.47243645
183.7931462	-12.84539801	58.96750088	-30.41114017
183.6977582	-12.8733804	58.74745595	-30.34914401
183.6022123	-12.90108605	58.52790334	-30.28644606
183.5065305	-12.92851746	58.30885907	-30.22304543
183.4107343	-12.95567853	58.09033908	-30.15894222
183.3148457	-12.98257459	57.87235923	-30.09413749
183.2188864	-13.00921233	57.6549353	-30.02863322
183.1228782	-13.03559974	57.43808298	-29.96243231
183.0268428	-13.06174607	57.22181787	-29.89553846
182.930802	-13.08766174	57.00615552	-29.82795621
182.8347777	-13.1133583	56.79111136	-29.75969082
182.7387914	-13.13884827	56.57670077	-29.69074824
182.6428651	-13.16414513	56.36293905	-29.62113505
182.547015	-13.18926313	56.1498388	-29.55085837
182.4512363	-13.21421724	55.9374026	-29.47992583
182.3555195	-13.23902299	55.72563076	-29.40834544
182.2598547	-13.26369639	55.51452373	-29.33612556
182.1642322	-13.28825379	55.30408209	-29.26327483
182.0686423	-13.3127118	55.09430657	-29.18980207
181.9730752	-13.33708718	54.88519806	-29.11571625
181.8775212	-13.36139675	54.67675755	-29.04102641
181.7819706	-13.3856573	54.46898621	-28.96574157
181.6864135	-13.40988551	54.26188531	-28.88987073
181.5908403	-13.43409785	54.05545627	-28.81342275
181.4952412	-13.45831053	53.84970066	-28.73640632
181.3996065	-13.48253943	53.64462014	-28.65882991
181.3039263	-13.5068	53.44021653	-28.58070168
181.208191	-13.53110724	53.23649177	-28.50202947
181.1123909	-13.55547561	53.03344792	-28.4228207
181.0165161	-13.57991902	52.83108717	-28.34308235
180.9205569	-13.60445072	52.62941182	-28.2628209
180.8245035	-13.6290833	52.4284243	-28.18204225
180.7283464	-13.65382866	52.22812714	-28.10075171
180.6320756	-13.67869791	52.02852301	-28.01895393
180.5356815	-13.70370142	51.82961467	-27.93665284
180.4391543	-13.72884873	51.63140499	-27.85385163
180.3424847	-13.75414856	51.43389657	-27.77055266
180.2456668	-13.77960878	51.23708817	-27.68675745
180.1486968	-13.8052364	51.04097631	-27.60246658
180.0515706	-13.83103752	50.84555723	-27.51767973
179.9542842	-13.85701737	50.65082699	-27.43239554
179.8568333	-13.88318027	50.45678142	-27.34661165
179.7592138	-13.90952962	50.26341617	-27.26032462
179.6614211	-13.93606786	50.07072667	-27.17352993
179.5634509	-13.96279655	49.87870814	-27.0862219
179.4652986	-13.98971625	49.68735562	-26.99839373
179.3669594	-14.01682661	49.49666395	-26.91003746
179.2684288	-14.0441263	49.30662777	-26.82114392
179.1697017	-14.07161306	49.11724151	-26.73170277
179.0707732	-14.09928364	48.92849944	-26.64170245
178.9716382	-14.12713387	48.74039561	-26.55113021
178.8722917	-14.15515859	48.5529239	-26.45997208
178.7727283	-14.18335172	48.36607799	-26.36821291
178.6729427	-14.21170623	48.1798514	-26.27583636
178.5729294	-14.24021415	47.99423743	-26.18282493
178.4726829	-14.26886658	47.80922923	-26.08915995
178.3721975	-14.29765371	47.62481976	-25.99482167
178.2714674	-14.32656485	47.44100179	-25.8997892
178.1704867	-14.3555884	47.25776792	-25.80404066
178.0692496	-14.38471192	47.07511079	-25.70755311
177.9677506	-14.4139221	46.89302981	-25.61030268
177.8659856	-14.44320485	46.71153275	-25.51226459
177.7639502	-14.47254525	46.53062807	-25.41341321
177.6616404	-14.50192762	46.35032439	-25.31372211
177.5590523	-14.53133556	46.17063055	-25.21316411
177.456182	-14.56075194	45.99155556	-25.11171135
177.3530259	-14.59015897	45.81310862	-25.00933529
177.2495803	-14.6195382	45.63529912	-24.90600684
177.1458419	-14.6488706	45.45813665	-24.80169632
177.0418072	-14.67813655	45.28163095	-24.69637356
176.9374732	-14.70731589	45.10579198	-24.59000792
176.8328366	-14.73638801	44.93062988	-24.48256836
176.7278946	-14.7653318	44.75615497	-24.37402345
176.6226443	-14.79412579	44.58237774	-24.26434142
176.517083	-14.82274814	44.4093089	-24.15349021
176.4112082	-14.85117669	44.2369593	-24.04143753
176.3050175	-14.87938903	44.06534002	-23.92815082
176.1985086	-14.90736253	43.89446228	-23.81359737
176.0916793	-14.93507443	43.72433752	-23.69774433
175.9845275	-14.96250185	43.55497733	-23.5805587
175.8770515	-14.98962186	43.38639351	-23.46200745
175.7692494	-15.01641156	43.21859801	-23.34205745
175.6611197	-15.04284812	43.05160297	-23.2206756
175.5526626	-15.06890884	42.88541881	-23.09782878
175.4438815	-15.09457124	42.72005263	-22.97348393
175.33478	-15.11981309	42.55551117	-22.84760807
175.2253617	-15.14461249	42.39180117	-22.72016832
175.1156305	-15.16894794	42.22892933	-22.59113193
175.0055899	-15.19279839	42.06690234	-22.46046635
174.8952436	-15.21614331	41.90572688	-22.32813924
174.7845953	-15.23896277	41.74540961	-22.19411851
174.6736487	-15.26123745	41.58595719	-22.05837239
174.5624074	-15.28294878	41.42737623	-21.92086944
174.450875	-15.30407893	41.26967337	-21.78157862
174.3390554	-15.32461092	41.1128552	-21.64046935
174.226952	-15.34452868	40.95692832	-21.49751154
174.1145687	-15.36381709	40.80189931	-21.35267567
174.001909	-15.38246205	40.64777473	-21.20593283
173.8889766	-15.40045057	40.49456116	-21.05725479
173.7757752	-15.41777081	40.34226513	-20.90661409
173.6623084	-15.43441216	40.19089317	-20.75398407
173.5485799	-15.45036529	40.04045182	-20.59933898
173.4345933	-15.46562224	39.89094758	-20.44265403
173.3203523	-15.48017645	39.74238697	-20.28390549
173.2058604	-15.49402288	39.59477649	-20.12307077
173.0911214	-15.50715803	39.44812261	-19.96012849
172.9761403	-15.51958004	39.30243343	-19.7950586
172.8609276	-15.53128875	39.15772371	-19.62784248
172.7454955	-15.54228576	39.01400998	-19.45846298
172.6298561	-15.5525745	38.87130886	-19.28690461
172.5140218	-15.56216031	38.72963698	-19.11315354
172.3980047	-15.57105047	38.58901107	-18.93719778
172.2818172	-15.57925428	38.44944787	-18.75902722
172.1654716	-15.58678308	38.3109642	-18.57863374
172.0489805	-15.59365035	38.17357692	-18.39601133
171.9323561	-15.5998717	38.03730294	-18.21115616
171.8156111	-15.60546495	37.90215921	-18.02406667
171.6987579	-15.61045016	37.76816274	-17.83474369
171.5818092	-15.61484964	37.63533057	-17.64319051
171.4647776	-15.61868802	37.50367979	-17.44941298
171.3476758	-15.62199226	37.37322752	-17.25341961
171.2305164	-15.62479164	37.24399095	-17.05522166
171.1133123	-15.62711783	37.11598727	-16.85483323
170.9960762	-15.62900489	36.98923373	-16.65227133
170.8788209	-15.63048926	36.86374761	-16.44755602
170.7615593	-15.63160977	36.73954622	-16.24071044
170.6443043	-15.63240767	36.6166469	-16.03176096
170.5270688	-15.63292659	36.49506702	-15.82073722
170.4098658	-15.63321255	36.37482398	-15.60767222
170.2927081	-15.63331395	36.25593638	-15.39260244
170.1756065	-15.63328152	36.13843502	-15.1755679
170.0585703	-15.63316835	36.02235763	-14.95661222
169.9416082	-15.63302981	35.90774146	-14.73578274
169.8247285	-15.63292357	35.79462322	-14.51313052
169.7079386	-15.63290949	35.68303911	-14.28871044
169.5912457	-15.63304966	35.57302476	-14.0625812
169.4746562	-15.63340831	35.4646153	-13.83480537
169.3581761	-15.63405178	35.35784533	-13.60544939
169.2418108	-15.63504845	35.25274895	-13.37458358
169.125565	-15.63646872	35.14935973	-13.14228214
169.0094432	-15.63838493	35.04771076	-12.90862314
168.893449	-15.64087128	34.94783462	-12.67368847
168.7775857	-15.64400381	34.84976343	-12.43756381
168.6618559	-15.64786031	34.7535288	-12.2003386
168.5462618	-15.65252023	34.65916188	-11.96210596
168.430805	-15.65806465	34.56669336	-11.72296263
168.3154864	-15.66457615	34.47615349	-11.48300889
168.2003066	-15.67213876	34.38757203	-11.24234847
168.0852656	-15.68083787	34.30097833	-11.00108842
167.9703629	-15.69076012	34.21640129	-10.75933904
167.8555974	-15.70199336	34.13386941	-10.51721373
167.7409675	-15.71462649	34.05341074	-10.27482883
167.6264718	-15.72874938	33.97505321	-10.03230353
167.5121259	-15.74445279	33.89882956	-9.789759629
167.3979594	-15.76182824	33.82477655	-9.547321442
167.2840019	-15.78096787	33.75293032	-9.30511555
167.1702822	-15.80196431	33.68332623	-9.063270612
167.0568283	-15.82491048	33.61599886	-8.82191714
166.9436675	-15.84989946	33.55098203	-8.581187253
166.8308263	-15.87702425	33.48830877	-8.341214419
166.7183306	-15.90637752	33.42801135	-8.102133173
166.6062054	-15.93805143	33.37012129	-7.864078825
166.4944752	-15.97213731	33.31466932	-7.627187143
166.3831637	-16.00872542	33.26168545	-7.391594027
166.2722939	-16.04790459	33.21119891	-7.157435155
166.1618882	-16.08976199	33.1632382	-6.924845616
166.0519684	-16.13438269	33.11783109	-6.69395953
165.9425556	-16.18184938	33.0750046	-6.464909636
165.8336703	-16.23224196	33.03478504	-6.23782688
165.7253326	-16.28563713	32.99719798	-6.012839966
165.6175617	-16.342108	32.9622683	-5.790074903
165.5103765	-16.40172364	32.93002017	-5.569654523
165.4037952	-16.46454863	32.90047705	-5.35169799
165.2978357	-16.53064261	32.87366173	-5.136320282
165.1925151	-16.60005972	32.8495963	-4.923631656
165.0878499	-16.67284817	32.82830179	-4.713737098
164.9838103	-16.74904968	32.80975212	-4.506735754
164.8802788	-16.82869891	32.79383191	-4.30272035
164.7771289	-16.91182302	32.78041658	-4.101776646
164.6742354	-16.99844114	32.76938251	-3.90398292
164.5714738	-17.08856397	32.76060693	-3.709409507
164.4687207	-17.18219342	32.7539679	-3.518118381
164.3658535	-17.27932224	32.74934419	-3.330162785
164.2627506	-17.37993377	32.74661529	-3.1455869
164.159291	-17.48400167	32.74566134	-2.964425571
164.0553546	-17.59148974	32.7463631	-2.786704064
163.9508219	-17.70235177	32.74860197	-2.612437879
163.8455745	-17.81653141	32.7522599	-2.441632595
163.7394943	-17.93396215	32.75721948	-2.274283768
163.6324644	-18.05456725	32.76336388	-2.11037687
163.5243684	-18.17825977	32.77057692	-1.949887262
163.415091	-18.30494267	32.77874305	-1.792780222
163.3045175	-18.43450889	32.78774743	-1.639011011
163.1925344	-18.56684153	32.79747596	-1.488524973
163.0790289	-18.70181399	32.80781534	-1.34125769
162.9638897	-18.83929027	32.81865315	-1.19713517
162.8470062	-18.97912524	32.82987792	-1.056074078
162.7282694	-19.12116494	32.84137921	-0.917982012
162.6075715	-19.26524695	32.85304773	-0.782757813
162.48481	-19.41120084	32.8647767	-0.650291926
162.3599007	-19.55884859	32.87646669	-0.52046679
162.2327667	-19.70800507	32.88802263	-0.393157278
162.1033342	-19.85847859	32.89935252	-0.26823116
161.9715323	-20.01007144	32.91036765	-0.145549617
161.8372935	-20.16258046	32.92098283	-0.024967775
161.7005538	-20.31579766	32.93111655	0.093664724
161.5612529	-20.46951087	32.94069127	0.210503114
161.4193344	-20.62350436	32.94963363	0.325706872
161.2747462	-20.77755957	32.95787465	0.439439058
161.1274404	-20.93145581	32.96535004	0.551865621
160.977374	-21.08497097	32.97200037	0.663154684
160.8245087	-21.23788234	32.9777714	0.773475805
160.6688113	-21.3899673	32.98261423	0.88299921
160.5102539	-21.54100419	32.98648562	0.991895012
160.3488144	-21.69077307	32.98934819	1.100332409
160.1844762	-21.83905659	32.99117068	1.208478862
160.017229	-21.98564079	32.99192815	1.316499266
159.8470684	-22.13031599	32.99160225	1.424555099
159.6739968	-22.27287762	32.99018136	1.532803572
159.498023	-22.41312709	32.98766086	1.641396764
159.3191626	-22.55087269	32.98404327	1.75048076
159.1374382	-22.68593042	32.97933842	1.860194775
158.9529014	-22.8181249	32.97358553	1.970670296
158.7657648	-22.94729021	32.96698472	2.082030228
158.5763049	-23.0732707	32.95980003	2.194388097
158.3847917	-23.19592169	32.95228885	2.307847351
158.1914875	-23.31511006	32.94470112	2.42250078
157.9966468	-23.43071479	32.9372787	2.538430041
157.8005154	-23.54262723	32.93025498	2.655705298
157.6033303	-23.65075147	32.92385444	2.774384973
157.4053193	-23.75500446	32.91829234	2.894515583
157.2067006	-23.85531611	32.91377446	3.016131693
157.0076831	-23.95162925	32.91049691	3.139255944
156.8084653	-24.04389956	32.90864598	3.263899186
156.6092363	-24.13209536	32.90839804	3.390060677
156.410175	-24.2161974	32.90991954	3.517728376
156.2114505	-24.29619847	32.91336699	3.646879301
156.0132219	-24.37210306	32.91888703	3.777479959
155.8156388	-24.44392686	32.92661652	3.909486847
155.6188408	-24.5116963	32.93668268	4.042846999
155.4229582	-24.57544791	32.94920322	4.17749861
155.2281121	-24.63522775	32.96428654	4.313371693
155.0344142	-24.69109075	32.98203194	4.450388795
154.8419677	-24.74309997	33.00252984	4.588465758
154.6508668	-24.79132591	33.02586205	4.727512511
154.4611938	-24.8358457	33.05209757	4.867433904
154.272944	-24.8767423	33.08120601	5.008130574
154.086036	-24.91410373	33.11306883	5.149499808
153.9003885	-24.94802227	33.14756686	5.291436373
153.7159228	-24.97859375	33.18458378	5.433833294
153.532563	-25.00591687	33.22400603	5.57658258
153.3502356	-25.03009255	33.26572271	5.719575886
153.1688697	-25.05122337	33.30962549	5.86270513
152.9883967	-25.06941302	33.35560857	6.005863054
152.8087503	-25.08476579	33.40356859	6.148943737
152.6298666	-25.09738612	33.45340456	6.291843058
152.4516838	-25.1073782	33.50501783	6.434459114
152.2741422	-25.11484553	33.55831201	6.576692594
152.0971843	-25.11989067	33.61319295	6.718447099
151.9207544	-25.12261483	33.66956868	6.859629432
151.7447989	-25.12311768	33.72734936	7.000149841
151.5692663	-25.12149704	33.7864473	7.139922218
151.3941068	-25.11784873	33.84677686	7.278864265
151.2192724	-25.11226636	33.90825449	7.416897621
151.0447173	-25.10484117	33.97079865	7.553947951
150.8703971	-25.09566195	34.03432984	7.689944999
150.6962694	-25.08481488	34.09877055	7.82482261
150.5222936	-25.07238354	34.16404529	7.95851872
150.3484308	-25.0584488	34.23008062	8.090975308
150.1746522	-25.04308884	34.29682123	8.222138325
150.0009475	-25.02637913	34.36424682	8.351957593
149.8273096	-25.00839245	34.43234249	8.480386697
149.6537324	-24.98919891	34.50109464	8.607382865
149.4802108	-24.96886597	34.57049093	8.732906851
149.3067408	-24.94745852	34.64052029	8.856922812
149.1333192	-24.92503886	34.71117296	8.97939819
148.9599442	-24.9016668	34.78244043	9.10030359
148.7866147	-24.87739966	34.85431547	9.219612659
148.6133306	-24.8522924	34.92679213	9.337301973
148.440093	-24.8263976	34.99986576	9.453350912
148.2669038	-24.79976557	35.07353296	9.567741556
148.0937662	-24.77244442	35.14779164	9.68045857
147.920684	-24.74448008	35.22264098	9.791489102
147.7476624	-24.7159164	35.29808145	9.90082268
147.5747075	-24.68679522	35.3741148	10.00845112
147.4018262	-24.65715642	35.45074408	10.11436843
147.2290266	-24.62703797	35.52797363	10.21857074
147.0563178	-24.59647605	35.60580907	10.32105621
146.8837099	-24.56550503	35.68425731	10.42182501
146.7112139	-24.53415758	35.76332657	10.52087917
146.5388419	-24.50246472	35.84302634	10.61822263
146.366607	-24.47045586	35.92336741	10.71386115
146.1945203	-24.43815882	36.00435447	10.80780228
146.0225837	-24.40559993	36.08596959	10.90005537
145.8507976	-24.37280402	36.16819054	10.9906315
145.6791624	-24.33979445	36.25099537	11.07954351
145.5076788	-24.30659321	36.33436241	11.16680596
145.3363476	-24.2732209	36.41827034	11.2524351
145.1651698	-24.23969679	36.50269813	11.3364488
144.9941465	-24.20603886	36.58762505	11.41886657
144.8232791	-24.17226385	36.6730307	11.49970948
144.652569	-24.13838729	36.75889503	11.57900014
144.4820179	-24.10442352	36.84519826	11.6567626
144.3116276	-24.07038577	36.931921	11.73302235
144.1414001	-24.03628619	37.01904416	11.80780623
143.9713377	-24.00213583	37.10654899	11.88114237
143.8014425	-23.96794477	37.1944171	11.95306012
143.631717	-23.93372208	37.28263044	12.02359
143.4621641	-23.89947591	37.3711713	12.09276361
143.2927863	-23.86521347	37.46002234	12.16061354
143.1235868	-23.83094112	37.54916657	12.2271733
142.9545687	-23.79666436	37.63858736	12.29247724
142.7857352	-23.76238787	37.72826844	12.35656046
142.6170899	-23.72811556	37.81819392	12.41945871
142.4486364	-23.69385056	37.90834827	12.4812083
142.2803782	-23.6595953	37.99871827	12.54184598
142.1123168	-23.62535146	38.08930593	12.60140888
141.9444528	-23.59112007	38.18012002	12.65993438
141.7767864	-23.55690148	38.27116895	12.71746001
141.6093177	-23.5226954	38.36246077	12.7740234
141.4420467	-23.48850093	38.45400315	12.82966215
141.274973	-23.45431655	38.54580338	12.88441378
141.1080961	-23.42014019	38.63786838	12.93831569
140.9414155	-23.38596922	38.73020466	12.99140504
140.7749303	-23.35180048	38.8228184	13.04371876
140.6086395	-23.3176303	38.91571538	13.09529344
140.4425419	-23.28345453	39.00890099	13.14616534
140.2766361	-23.24926855	39.10238026	13.1963703
140.1109205	-23.21506732	39.19615785	13.24594376
139.9453935	-23.18084537	39.29023803	13.29492068
139.7800531	-23.14659686	39.38462471	13.34333554
139.6148973	-23.11231559	39.4793214	13.39122233
139.4499237	-23.07799503	39.57433126	13.4386145
139.28513	-23.04362833	39.66965707	13.48554498
139.1205134	-23.00920839	39.76530123	13.53204613
138.9560713	-22.97472786	39.86126577	13.57814977
138.7918007	-22.94017919	39.95755235	13.62388714
138.6276985	-22.90555465	40.05416225	13.66928892
138.4637615	-22.87084637	40.15109627	13.71438522
138.2999914	-22.8360464	40.24835258	13.75920557
138.1363947	-22.80114669	40.34592698	13.80377894
137.9729781	-22.76613922	40.44381536	13.84813371
137.8097485	-22.73101592	40.54201386	13.89229768
137.6467127	-22.69576881	40.6405188	13.93629811
137.4838776	-22.66038994	40.73932672	13.98016163
137.3212501	-22.62487148	40.83843441	14.02391432
137.1588372	-22.58920571	40.93783884	14.06758164
136.9966459	-22.55338505	41.03753723	14.11118846
136.8346833	-22.51740205	41.13752701	14.15475906
136.6729563	-22.48124948	41.23780582	14.19831708
136.5114722	-22.44492024	41.33837156	14.24188553
136.350238	-22.40840745	41.43922233	14.2854868
136.1892609	-22.37170442	41.54035647	14.3291426
136.0285482	-22.33480466	41.64177253	14.37287402
135.8681069	-22.29770188	41.74346932	14.41670143
135.7079445	-22.26039	41.84544586	14.46064452
135.5480681	-22.22286313	41.9477014	14.50472228
135.3884851	-22.18511556	42.05023543	14.54895296
135.2292029	-22.14714177	42.15304768	14.59335408
135.0702287	-22.10893642	42.25613811	14.63794239
134.9115699	-22.0704943	42.35950691	14.68273386
134.753234	-22.03181034	42.46315458	14.72774368
134.595226	-21.99287961	42.56708657	14.77298619
134.4375473	-21.95369723	42.6713154	14.81847492
134.2801991	-21.91425844	42.77585406	14.86422253
134.1231824	-21.87455848	42.88071532	14.91024084
133.9664982	-21.83459265	42.9859118	14.95654078
133.8101474	-21.79435623	43.09145594	15.00313242
133.6541309	-21.75384451	43.19735998	15.05002497
133.4984495	-21.71305272	43.303636	15.09722677
133.3431039	-21.67197604	43.41029587	15.14474534
133.1880948	-21.63060956	43.51735132	15.19258737
133.0334227	-21.58894828	43.62481384	15.24075873
132.8790882	-21.54698709	43.73269479	15.28926454
132.7250919	-21.50472073	43.8410053	15.33810918
132.571434	-21.4621438	43.94975634	15.38729629
132.418115	-21.41925073	44.05895867	15.43682889
132.2651351	-21.37603576	44.16862288	15.48670933
132.1124946	-21.33249294	44.27875937	15.53693942
131.9601936	-21.2886161	44.38937832	15.58752041
131.8082324	-21.24439885	44.50048974	15.63845311
131.6566108	-21.19983458	44.61210345	15.68973788
131.5053289	-21.1549164	44.72422906	15.74137475
131.3543867	-21.10963719	44.83687598	15.79336345
131.2037841	-21.06398956	44.95005345	15.8457035
131.05352	-21.01796584	45.06376678	15.89839426
130.9035909	-20.97155811	45.17800839	15.951435
130.7539927	-20.92475814	45.29276787	16.004825
130.6047214	-20.87755743	45.40803472	16.0585636
130.4557729	-20.82994723	45.52379837	16.11265023
130.3071432	-20.78191848	45.64004814	16.16708453
130.1588284	-20.73346188	45.7567733	16.22186634
130.0108245	-20.68456788	45.87396301	16.27699575
129.8631275	-20.63522671	45.99160638	16.33247318
129.7157338	-20.58542838	46.10969243	16.38829934
129.5686393	-20.53516269	46.22821011	16.44447532
129.4218403	-20.48441931	46.3471483	16.50100256
129.2753331	-20.43318776	46.46649581	16.55788289
129.129114	-20.38145744	46.58624137	16.61511851
128.9831791	-20.32921772	46.70637368	16.67271201
128.837525	-20.27645792	46.82688135	16.73066635
128.6921479	-20.22316738	46.94775293	16.78898484
128.5470443	-20.1693355	47.06897692	16.84767115
128.4022107	-20.11495178	47.19054176	16.90672923
128.2576434	-20.06000592	47.31243584	16.96616332
128.1133391	-20.00448779	47.43464751	17.02597789
127.9692943	-19.94838759	47.55716505	17.08617759
127.8255056	-19.89169582	47.6799767	17.14676722
127.6819713	-19.83440343	47.80307245	17.20775163
127.5387033	-19.77650181	47.92645726	17.26913568
127.3957202	-19.71798292	48.05014372	17.33092417
127.2530403	-19.65883934	48.17414453	17.39312177
127.1106816	-19.5990643	48.29847251	17.45573295
126.9686618	-19.53865177	48.42314055	17.51876193
126.8269982	-19.47759647	48.54816165	17.58221263
126.6857078	-19.41589396	48.6735489	17.6460886
126.5448073	-19.3535406	48.79931548	17.71039302
126.4043131	-19.29053365	48.92547468	17.77512861
126.2642412	-19.22687125	49.05203989	17.84029761
126.1246074	-19.16255246	49.17902461	17.9059018
125.9854272	-19.09757724	49.30644243	17.97194238
125.8467157	-19.0319465	49.43430706	18.03842004
125.7084876	-18.96566208	49.56263235	18.10533488
125.5707575	-18.89872675	49.69143222	18.17268646
125.4335396	-18.83114418	49.82072075	18.24047373
125.2968479	-18.76291897	49.95051211	18.30869507
125.1606959	-18.69405661	50.08082063	18.37734829
125.025097	-18.62456347	50.21166074	18.44643062
124.8900642	-18.55444676	50.34304704	18.51593876
124.7556104	-18.48371451	50.47499422	18.58586885
124.6217479	-18.41237555	50.60751715	18.65621655
124.4884885	-18.34043945	50.74063028	18.72697705
124.355838	-18.2679165	50.87434018	18.79814507
124.2237976	-18.19481767	51.00864744	18.86971496
124.0923687	-18.12115454	51.14355246	18.9416807
123.9615528	-18.0469393	51.27905565	19.01403594
123.8313518	-17.97218469	51.41515743	19.08677408
123.7017675	-17.89690395	51.55185819	19.15988824
123.5728023	-17.8211108	51.68915832	19.23337134
123.4444586	-17.74481943	51.8270582	19.30721613
123.3167388	-17.66804439	51.96555822	19.38141523
123.1896457	-17.59080063	52.10465874	19.45596113
123.0631825	-17.51310342	52.24436012	19.53084625
122.9373521	-17.43496836	52.3846627	19.60606297
122.812158	-17.35641127	52.52556683	19.68160365
122.6876037	-17.27744824	52.66707283	19.75746065
122.5636929	-17.19809554	52.80918103	19.8336264
122.4404296	-17.11836961	52.95189172	19.91009336
122.3178177	-17.03828702	53.09520521	19.9868541
122.1958617	-16.95786442	53.23912178	20.06390132
122.0745659	-16.87711852	53.3836417	20.14122785
121.9539349	-16.79606605	53.52876524	20.21882667
121.8339735	-16.71472372	53.67449263	20.29669098
121.7146868	-16.63310816	53.82082412	20.37481416
121.5960797	-16.55123593	53.96775992	20.45318985
121.4781544	-16.46912341	54.11529928	20.53181192
121.3609082	-16.38678681	54.26344	20.61067452
121.244338	-16.30424211	54.41217984	20.68977209
121.1284412	-16.22150502	54.56151669	20.76909937
121.0132152	-16.13859092	54.71144856	20.84865143
120.8986575	-16.05551488	54.86197358	20.92842365
120.7847661	-15.97229155	55.01308997	21.00841177
120.6715388	-15.8889352	55.16479608	21.08861189
120.558974	-15.80545963	55.31709036	21.16902045
120.4470699	-15.72187819	55.46997137	21.24963427
120.3358253	-15.63820369	55.62343779	21.33045054
120.2252388	-15.55444843	55.77748837	21.41146682
120.1153094	-15.47062416	55.932122	21.49268105
120.0060362	-15.38674201	56.08733764	21.57409156
119.8974186	-15.30281253	56.24313436	21.65569704
119.7894558	-15.21884561	56.39951133	21.73749658
119.6821478	-15.13485048	56.5564678	21.81948962
119.5754941	-15.0508357	56.71400312	21.901676
119.4694948	-14.9668091	56.87211675	21.98405592
119.3641501	-14.88277779	57.03080819	22.06662993
119.2594601	-14.7987481	57.19007708	22.14939895
119.1554255	-14.71472559	57.34992311	22.23236427
119.0520467	-14.63071502	57.51034607	22.31552749
118.9493229	-14.5467203	57.6713462	22.39889056
118.8472475	-14.46274449	57.83292517	22.48245577
118.7458123	-14.37878978	57.99508479	22.56622572
118.6450087	-14.29485746	58.15782668	22.6502033
118.5448283	-14.21094787	58.32115226	22.73439173
118.4452622	-14.12706048	58.48506276	22.81879451
118.3463016	-14.04319379	58.64955922	22.90341541
118.2479373	-13.95934537	58.81464247	22.9882585
118.15016	-13.87551186	58.98031317	23.07332808
118.0529603	-13.79168894	59.14657178	23.15862874
117.9563286	-13.7078714	59.31341859	23.24416528
117.8602551	-13.62405311	59.48085369	23.32994276
117.7647299	-13.54022702	59.64887699	23.41596645
117.669743	-13.45638523	59.81748822	23.50224182
117.5752841	-13.372519	59.98668694	23.58877455
117.4813429	-13.28861877	60.15647249	23.67557049
117.3879088	-13.20467419	60.32684408	23.76263567
117.2949713	-13.12067419	60.49780071	23.84997625
117.2025194	-13.036607	60.66934122	23.93759854
117.1105424	-12.95246022	60.84146426	24.02550895
117.0190291	-12.86822087	61.01416829	24.11371398
116.9279684	-12.78387543	61.18745164	24.20222021
116.8373488	-12.69940995	61.36131241	24.29103424
116.747161	-12.6148101	61.53574811	24.38016273
116.6574068	-12.53006123	61.71075358	24.46961229
116.568092	-12.44514849	61.88632293	24.5593895
116.4792227	-12.36005687	62.06245051	24.64950088
116.3908049	-12.2747713	62.23913094	24.73995282
116.3028446	-12.18927674	62.41635909	24.83075156
116.2153479	-12.10355819	62.59413012	24.92190313
116.1283208	-12.01760085	62.77243942	25.01341333
116.0417694	-11.9313901	62.9512827	25.10528764
115.9556997	-11.84491162	63.13065591	25.19753119
115.870118	-11.75815147	63.31055528	25.29014869
115.7850302	-11.67109608	63.49097733	25.38314437
115.7004427	-11.58373238	63.67191886	25.47652193
115.6163614	-11.49604784	63.85337694	25.57028445
115.5327927	-11.40803051	64.03534896	25.66443432
115.4497428	-11.31966908	64.21783256	25.7589732
115.3672177	-11.23095295	64.40082569	25.85390191
115.2852239	-11.14187227	64.58432659	25.94922035
115.2037675	-11.05241799	64.76833381	26.04492747
115.1228548	-10.96258191	64.95284618	26.14102113
115.0424922	-10.87235673	65.13786283	26.23749804
114.9626858	-10.78173608	65.3233832	26.33435367
114.8834422	-10.69071459	65.50940703	26.43158219
114.8047677	-10.5992879	65.69593527	26.52917634
114.7266728	-10.50745274	65.88298364	26.62712738
114.6491707	-10.41520691	66.07057961	26.72542495
114.5722747	-10.32254937	66.25875098	26.82405707
114.4959981	-10.22948025	66.44752549	26.92301001
114.4203546	-10.13600086	66.63693087	27.02226826
114.3453573	-10.04211372	66.82699481	27.12181447
114.27102	-9.947822562	67.01774495	27.22162946
114.1973559	-9.853132369	67.20920892	27.32169216
114.1243788	-9.758049351	67.40141429	27.42197962
114.0521021	-9.662580954	67.59438862	27.52246699
113.9805395	-9.566735854	67.7881594	27.62312761
113.9097045	-9.470523949	67.9827541	27.72393292
113.8396108	-9.37395634	68.17820013	27.82485263
113.7702721	-9.277045311	68.37452487	27.92585467
113.7017021	-9.179804305	68.57175566	28.02690532
113.6339146	-9.08224789	68.76991977	28.12796924
113.5669232	-8.984391727	68.96904444	28.22900961
113.5007419	-8.886252524	69.16915687	28.3299882
113.4353845	-8.787847991	69.37028418	28.43086547
113.3708648	-8.689196789	69.57245346	28.53160077
113.3071967	-8.59031847	69.77569173	28.63215239
113.2443941	-8.491233411	69.98002598	28.73247776
113.182471	-8.391962754	70.18548293	28.83253365
113.1214353	-8.292528319	70.39207308	28.93227627
113.0612845	-8.192952534	70.59977876	29.03166153
113.0020151	-8.093258353	70.80857926	29.13064519
112.9436236	-7.993469176	71.01845365	29.22918305
112.8861065	-7.893608775	71.22938081	29.32723113
112.8294603	-7.793701218	71.44133937	29.42474583
112.7736815	-7.693770796	71.65430778	29.5216841
112.7187665	-7.593841956	71.86826429	29.61800354
112.6647118	-7.493939228	72.08318696	29.71366261
112.611514	-7.394087159	72.29905364	29.80862072
112.5591695	-7.294310247	72.51584202	29.90283837
112.5076747	-7.194632878	72.73352959	29.99627724
112.4570263	-7.095079261	72.95209369	30.08890033
112.4072206	-6.995673367	73.17151148	30.18067206
112.3582542	-6.896438868	73.39175995	30.27155834
112.3101236	-6.797399081	73.61281596	30.36152667
112.2628253	-6.698576904	73.83465619	30.45054623
112.2163558	-6.599994762	74.05725719	30.53858791
112.1707116	-6.501674553	74.28059538	30.62562442
112.1258894	-6.403637585	74.50464704	30.71163031
112.0818856	-6.305904529	74.72938832	30.79658204
112.0386968	-6.208495361	74.95479526	30.88045798
111.9963196	-6.111429306	75.18084377	30.96323851
111.9547498	-6.014724791	75.40751185	31.04490597
111.913981	-5.918399386	75.63478325	31.12544474
111.8740065	-5.822469759	75.86264274	31.20484119
111.8348199	-5.726951621	76.09107517	31.28308375
111.7964146	-5.631859681	76.32006552	31.36016289
111.7587842	-5.5372076	76.54959882	31.43607109
111.7219223	-5.443007947	76.77966022	31.5108029
111.6858227	-5.349272151	77.01023495	31.58435489
111.6504791	-5.256010468	77.24130834	31.65672565
111.6158853	-5.163231932	77.47286579	31.7279158
111.5820351	-5.070944323	77.70489281	31.79792796
111.5489226	-4.979154124	77.937375	31.86676675
111.5165416	-4.887866487	78.17029805	31.93443874
111.4848861	-4.797085198	78.40364774	32.00095246
111.4539503	-4.706812642	78.63740992	32.06631838
111.4237283	-4.61704977	78.87157057	32.13054885
111.3942141	-4.527796065	79.10611573	32.19365809
111.365402	-4.439049516	79.34103154	32.25566218
111.3372861	-4.350806581	79.57630424	32.31657897
111.3098608	-4.263062164	79.81192013	32.37642811
111.2831204	-4.175809584	80.04786564	32.43523096
111.2570591	-4.089040547	80.28412725	32.49301056
111.2316713	-4.002745122	80.52069156	32.5497916
111.2069497	-3.916911717	80.75754604	32.60560034
111.1828767	-3.83152705	80.9946833	32.66046459
111.1594305	-3.746576138	81.23209769	32.71441366
111.1365893	-3.66204228	81.46978328	32.76747827
111.1143314	-3.577907056	81.70773386	32.81969052
111.0926347	-3.49415033	81.94594292	32.87108386
111.0714776	-3.41075027	82.18440368	32.921693
111.050838	-3.327683363	82.42310904	32.97155389
111.0306941	-3.244924457	82.66205163	33.02070363
111.0110239	-3.162446792	82.90122376	33.06918044
110.9918053	-3.080222058	83.14061747	33.11702363
110.9730166	-2.998220451	83.38022446	33.16427349
110.9546355	-2.916410743	83.62003615	33.21097126
110.93664	-2.834760359	83.86004367	33.25715907
110.9190081	-2.753235468	84.1002378	33.30287989
110.9017177	-2.671801075	84.34060905	33.34817741
110.8847466	-2.590421135	84.58114761	33.39309606
110.8680726	-2.509058666	84.82184332	33.43768086
110.8516737	-2.427675878	85.06268576	33.4819774
110.8355276	-2.346234308	85.30366414	33.52603172
110.819612	-2.264694973	85.54476738	33.56989027
110.8039046	-2.183018524	85.78598405	33.61359977
110.7883834	-2.101165415	86.02730243	33.6572072
110.7730273	-2.019096087	86.26871089	33.70075961
110.7578424	-1.936771152	86.51020584	33.7443041
110.7428581	-1.854151589	86.75179095	33.78788766
110.7281044	-1.77119893	86.99347033	33.83155712
110.7136115	-1.68787543	87.23524841	33.87535899
110.6994096	-1.604144235	87.47712985	33.9193394
110.6855291	-1.519969528	87.71911961	33.963544
110.6720002	-1.435316663	87.96122292	34.00801784
110.6588535	-1.35015229	88.2034453	34.05280528
110.6461193	-1.264444469	88.44579253	34.09794994
110.6338283	-1.178162764	88.6882707	34.14349452
110.6220111	-1.091278334	88.93088618	34.18948081
110.6106983	-1.003764001	89.17364563	34.23594952
110.5999205	-0.915594319	89.41655599	34.28294024
110.5897086	-0.826745619	89.65962451	34.33049133
110.5800933	-0.737196048	89.9028587	34.37863986
110.5711053	-0.646925597	90.14626639	34.42742149
110.5627757	-0.555916112	90.38985565	34.47687043
110.555135	-0.464151296	90.63363488	34.52701933
110.5482144	-0.371616703	90.87761273	34.57789921
110.5420445	-0.278299712	91.12179814	34.62953939
110.5366563	-0.184189496	91.36620031	34.68196742
110.5320806	-0.089276976	91.61082871	34.73520899
110.5283479	0.006445233	91.85569317	34.78928786
110.5254735	0.102982892	92.10080732	34.84422581
110.5234535	0.200340213	92.34618945	34.90004254
110.5222825	0.298519934	92.59185821	34.95675567
110.5219551	0.397523386	92.8378323	35.01438059
110.522466	0.497350565	93.08413045	35.07293049
110.5238095	0.598000189	93.33077143	35.13241629
110.5259802	0.699469754	93.57777403	35.19284657
110.5289725	0.801755584	93.82515709	35.25422758
110.5327805	0.904852877	94.07293944	35.31656318
110.5373987	1.008755743	94.32113997	35.37985484
110.5428211	1.113457237	94.56977753	35.44410159
110.549042	1.218949391	94.81887103	35.50930006
110.5560553	1.325223237	95.06843937	35.57544441
110.5638552	1.432268822	95.31850142	35.64252638
110.5724354	1.540075222	95.56907611	35.71053527
110.58179	1.648630552	95.82018231	35.77945795
110.5919126	1.757921965	96.07183892	35.84927889
110.6027972	1.867935649	96.32406481	35.91998017
110.6144374	1.978656821	96.57687883	35.99154151
110.6268268	2.090069708	96.83029985	36.06394031
110.639959	2.202157535	97.08434667	36.13715167
110.6538275	2.314902493	97.33903809	36.21114846
110.6684258	2.428285716	97.59439291	36.28590136
110.6837521	2.54228724	97.8504271	36.36137891
110.6998188	2.65688597	98.10714868	36.43754757
110.7166402	2.772059641	98.36456393	36.51437181
110.734231	2.887784782	98.62267881	36.59181416
110.7526057	3.004036686	98.88149891	36.66983526
110.7717788	3.120789389	99.14102949	36.74839396
110.7917646	3.238015648	99.40127548	36.82744739
110.8125776	3.355686927	99.66224147	36.90695097
110.8342321	3.473773386	99.92393171	36.98685857
110.8567423	3.592243879	100.1863501	37.06712252
110.8801227	3.711065953	100.4495004	37.14769367
110.9043872	3.830205857	100.7133857	37.22852151
110.9295503	3.94962855	100.9780091	37.30955423
110.9556259	4.069297719	101.2433733	37.39073876
110.9826282	4.189175806	101.5094805	37.47202086
111.0105714	4.30922403	101.7763329	37.55334523
111.0394694	4.429402427	102.0439322	37.63465552
111.0693364	4.549669886	102.3122799	37.71589445
111.1001862	4.6699842	102.5813771	37.79700388
111.1320329	4.790302112	102.8512248	37.87792489
111.1648904	4.910579383	103.1218235	37.95859782
111.1987726	5.030770846	103.3931736	38.0389624
111.2336935	5.15083049	103.6652752	38.11895782
111.2696648	5.270711529	103.9381268	38.19852277
111.3066836	5.39036649	104.2117173	38.27759558
111.3447405	5.509747302	104.486032	38.35611424
111.3838265	5.628805377	104.7610562	38.43401654
111.4239323	5.747491695	105.0367755	38.5112401
111.4650487	5.865756884	105.3131758	38.58772242
111.5071666	5.983551291	105.5902428	38.66340099
111.5502768	6.100825062	105.8679628	38.73821334
111.5943702	6.217528207	106.1463221	38.81209704
111.6394376	6.333610671	106.4253072	38.88498982
111.6854701	6.449022398	106.7049048	38.95682959
111.7324585	6.563713397	106.9851018	39.02755446
111.7803938	6.677633799	107.2658854	39.09710282
111.829267	6.790733922	107.5472429	39.16541337
111.8790692	6.902964326	107.8291617	39.23242514
111.9297913	7.01427587	108.1116297	39.29807755
111.9814246	7.124619768	108.3946348	39.36231042
112.0339601	7.233947643	108.6781652	39.42506403
112.087389	7.342211582	108.9622092	39.48627913
112.1417026	7.449364185	109.2467555	39.54589699
112.1968921	7.555358622	109.5317927	39.60385941
112.2529488	7.660148682	109.8173101	39.66010879
112.3098641	7.763688823	110.1032968	39.71458812
112.3676289	7.865934229	110.3897417	39.76724102
112.4262277	7.966840856	110.6766277	39.81801181
112.4856408	8.066365485	110.9639337	39.86684552
112.5458487	8.164465768	111.2516382	39.91368788
112.6068319	8.261100267	111.5397194	39.95848543
112.6685707	8.356228498	111.8281554	40.00118548
112.7310456	8.449810959	112.1169238	40.04173615
112.7942371	8.541809161	112.4060024	40.08008639
112.8581257	8.632185656	112.6953683	40.11618599
112.922692	8.720904056	112.9849987	40.1499856
112.9879166	8.807929053	113.2748704	40.18143672
113.05378	8.893226431	113.5649601	40.21049172
113.1202628	8.976763082	113.855244	40.23710385
113.1873457	9.058507011	114.1456985	40.26122721
113.2550094	9.138427341	114.4362994	40.28281677
113.3232345	9.216494315	114.7270226	40.30182836
113.3920019	9.292679298	115.0178435	40.31821864
113.4612922	9.366954768	115.3087374	40.33194512
113.5310862	9.439294317	115.5996794	40.34296614
113.6013648	9.509672633	115.8906445	40.3512408
113.6721088	9.578065498	116.1816073	40.35672904
113.743299	9.644449767	116.4725424	40.35939151
113.8149165	9.708803357	116.763424	40.35918962
113.8869422	9.771105224	117.0542263	40.35608547
113.959363	9.831335348	117.3449316	40.35004187
114.0321736	9.889474711	117.6355327	40.34102223
114.1053692	9.945505277	117.9260239	40.32899062
114.1789453	9.999409981	118.2163996	40.31391169
114.2528974	10.05117272	118.5066545	40.29575069
114.3272209	10.10077834	118.7967835	40.27447345
114.4019114	10.14821267	119.086782	40.2500464
114.4769647	10.19346247	119.3766457	40.22243653
114.5523764	10.2365155	119.6663703	40.19161151
114.6281423	10.2773605	119.9559521	40.1575396
114.7042584	10.31598724	120.2453875	40.12018979
114.7807205	10.35238653	120.5346734	40.07953176
114.8575248	10.38655023	120.8238066	40.03553601
114.9346672	10.41847135	121.1127846	39.98817387
115.0121439	10.44814404	121.401605	39.93741761
115.0899513	10.47556365	121.6902657	39.8832405
115.1680856	10.50072681	121.9787648	39.82561691
115.2465432	10.52363147	122.2671008	39.76452245
115.3253205	10.54427697	122.5552726	39.69993402
115.4044142	10.5626641	122.843279	39.63183
115.4838209	10.57879522	123.1311195	39.56019035
115.5635372	10.59267429	123.4187935	39.48499678
115.64356	10.60430701	123.706301	39.4062329
115.7238776	10.61370088	123.9936281	39.32388438
115.8044529	10.62086532	124.2807182	39.23793917
115.8852436	10.62581175	124.5675064	39.14838762
115.9662079	10.6285537	124.8539278	39.05522269
116.047304	10.62910685	125.1399179	38.95844006
116.1284904	10.62748913	125.4254118	38.85803826
116.2097254	10.62372072	125.7103448	38.7540188
116.2909679	10.61782415	125.9946524	38.64638621
116.3721766	10.60982426	126.27827	38.53514818
116.4533105	10.59974827	126.5611329	38.42031553
116.5343289	10.58762574	126.8431769	38.30190232
116.6151909	10.57348859	127.1243373	38.17992583
116.6958561	10.55737106	127.4045499	38.05440654
116.776284	10.53930966	127.6837502	37.92536817
116.8564343	10.51934318	127.9618742	37.79283759
116.9362669	10.49751255	128.2388575	37.65684477
117.0157418	10.47386084	128.514636	37.51742275
117.0948191	10.44843313	128.7891456	37.37460749
117.1734592	10.42127645	129.0623222	37.2284378
117.2516223	10.39243963	129.3341019	37.0789552
117.3292691	10.36197321	129.6044208	36.92620378
117.4063601	10.32992931	129.8732149	36.77023002
117.4828562	10.29636146	130.1404204	36.61108261
117.5587251	10.26132443	130.4059834	36.44881227
117.6339685	10.2248741	130.6698975	36.28347148
117.7085982	10.18706728	130.9321709	36.11511434
117.7826258	10.14796151	131.1928113	35.94379627
117.8560626	10.10761493	131.4518264	35.76957388
117.9289202	10.06608614	131.709224	35.59250474
118.0012096	10.02343405	131.9650115	35.41264724
118.0729421	9.979717761	132.2191963	35.23006041
118.1441285	9.934996427	132.4717856	35.04480377
118.2147797	9.889329171	132.7227868	34.85693722
118.2849065	9.842774967	132.9722067	34.6665209
118.3545195	9.795392552	133.2200524	34.47361507
118.4236292	9.747240337	133.4663306	34.27828003
118.492246	9.698376333	133.7110482	34.08057605
118.5603802	9.648858075	133.9542117	33.88056323
118.628042	9.598742563	134.1958276	33.67830153
118.6952414	9.548086204	134.4359023	33.47385061
118.7619885	9.496944759	134.6744422	33.26726987
118.8282931	9.445373304	134.9114534	33.05861839
118.894165	9.393426189	135.146942	32.84795489
118.9596139	9.34115701	135.380914	32.63533772
119.0246493	9.28861858	135.6133754	32.4208249
119.0892808	9.23586291	135.8443318	32.20447405
119.1535171	9.182941195	136.0737879	31.98634247
119.2173608	9.129903804	136.3017344	31.76648713
119.2808094	9.076800269	136.5281521	31.54496469
119.343861	9.023679285	136.7530216	31.32183155
119.4065133	8.970588698	136.9763228	31.09714387
119.4687642	8.9175755	137.1980354	30.87095755
119.5306115	8.864685815	137.4181389	30.64332831
119.5920532	8.811964896	137.6366122	30.41431165
119.6530872	8.759457106	137.8534342	30.18396286
119.7137114	8.707205909	138.068583	29.95233705
119.773924	8.655253855	138.2820369	29.71948913
119.8337228	8.603642562	138.4937736	29.48547378
119.8931058	8.552412696	138.7037705	29.25034545
119.9520713	8.501603953	138.9120047	29.01415836
120.0106172	8.451255035	139.1184531	28.77696642
120.0687416	8.401403627	139.3230923	28.53882323
120.1264426	8.352086363	139.5258986	28.29978201
120.1837185	8.303338805	139.7268479	28.05989558
120.2405673	8.255195402	139.9259161	27.81921628
120.2969873	8.20768946	140.1230786	27.57779587
120.3529766	8.160853101	140.3183105	27.33568553
120.4085335	8.114717225	140.5115871	27.09293569
120.4636561	8.069311459	140.7028828	26.84959599
120.5183429	8.024664116	140.8921728	26.60571515
120.5725995	7.980802145	141.0794505	26.36134085
120.6264422	7.937751072	141.2647372	26.11651965
120.679888	7.895534959	141.4480566	25.87129682
120.7329539	7.854176355	141.6294321	25.62571629
120.785657	7.813696257	141.8088875	25.3798205
120.8380143	7.774114075	141.9864466	25.1336504
120.8900427	7.735447603	142.1621331	24.8872453
120.9417591	7.697712994	142.3359708	24.64064287
120.9931806	7.660924742	142.5079837	24.39387907
121.0443239	7.625095663	142.6781958	24.14698812
121.095206	7.590236886	142.8466309	23.90000252
121.1458437	7.556357847	143.0133132	23.65295296
121.1962539	7.523466291	143.1782667	23.40586841
121.2464534	7.491568269	143.3415155	23.15877608
121.296459	7.46066815	143.5030839	22.91170146
121.3462876	7.430768634	143.662996	22.66466835
121.3959558	7.401870764	143.8212759	22.41769893
121.4454804	7.373973951	143.9779481	22.17081379
121.4948782	7.347076001	144.1330367	21.92403202
121.544166	7.321173139	144.2865661	21.67737128
121.5933604	7.296260049	144.4385606	21.4308479
121.6424781	7.272329911	144.5890446	21.18447698
121.6915359	7.249374443	144.7380424	20.93827249
121.7405491	7.227383952	144.8855688	20.69224742
121.7895303	7.206347381	145.0316173	20.44641387
121.8384915	7.186252369	145.1761787	20.20078325
121.8874448	7.167085306	145.3192437	19.95536633
121.9364021	7.148831394	145.4608033	19.71017343
121.9853754	7.13147471	145.6008484	19.46521449
122.0343766	7.11499827	145.7393698	19.22049924
122.0834175	7.099384096	145.8763586	18.97603724
122.1325099	7.084613292	146.0118059	18.73183805
122.1816655	7.070666108	146.1457027	18.4879113
122.230896	7.057522023	146.27804	18.24426676
122.2802131	7.045159821	146.4088089	18.0009145
122.3296283	7.033557668	146.5380007	17.7578649
122.3791532	7.022693204	146.6656063	17.51512877
122.4287992	7.01254362	146.791617	17.27271742
122.4785778	7.003085756	146.9160238	17.03064272
122.5285004	6.994296187	147.0388178	16.78891716
122.5785783	6.986151323	147.1599901	16.54755395
122.6288228	6.978627503	147.2795317	16.306567
122.679245	6.971701101	147.3974337	16.06597104
122.7298563	6.965348628	147.513687	15.82578163
122.7806677	6.959546839	147.6282825	15.58601518
122.8316902	6.954272847	147.7412111	15.34668903
122.8829316	6.949504236	147.8524653	15.10782143
122.9343823	6.945219175	147.9620457	14.86943158
122.9860272	6.941396535	148.0699559	14.63153967
123.0378511	6.938015997	148.1761992	14.39416684
123.0898388	6.935058145	148.2807786	14.15733526
123.1419753	6.932504565	148.3836974	13.92106811
123.1942454	6.930337921	148.4849583	13.6853896
123.2466341	6.928542032	148.5845643	13.45032502
123.2991263	6.927101935	148.6825181	13.2159007
123.351707	6.926003944	148.7788223	12.98214405
123.4043612	6.925235699	148.8734794	12.7490836
123.4570738	6.924786208	148.966492	12.51674897
123.5098299	6.924645878	149.0578624	12.2851709
123.5626146	6.924806541	149.147593	12.05438128
123.615413	6.925261473	149.235686	11.82441313
123.66821	6.926005399	149.3221437	11.5953006
123.7209909	6.9270345	149.4069684	11.36707903
123.7737407	6.9283464	149.490162	11.13978487
123.8264447	6.929940157	149.5717269	10.91345578
123.879088	6.93181624	149.651665	10.68813054
123.9316559	6.933976496	149.7299784	10.46384911
123.9841335	6.936424115	149.8066692	10.24065259
124.0365061	6.939163584	149.8817395	10.01858323
124.0887597	6.942200634	149.9551909	9.797684413
124.1408891	6.945542177	150.0270187	9.578000645
124.1928956	6.949196245	150.0972138	9.359577535
124.2447808	6.953171917	150.1657669	9.142461774
124.2965462	6.957479253	150.2326689	8.926701098
124.3481933	6.962129227	150.2979104	8.712344248
124.3997236	6.967133652	150.3614822	8.499440921
124.4511385	6.972505115	150.4233751	8.288041708
124.5024396	6.978256906	150.4835798	8.078198028
124.5536283	6.984402944	150.542087	7.869962048
124.6047062	6.990957709	150.5988876	7.663386597
124.6556746	6.997936169	150.6539722	7.458525073
124.706535	7.005353708	150.7073315	7.255431327
124.757289	7.01322605	150.7589562	7.054159559
124.8079379	7.021569187	150.8088371	6.854764179
124.8584832	7.030399304	150.8569647	6.657299678
124.9089263	7.0397327	150.9033296	6.46182048
124.9592686	7.049585717	150.9479226	6.268380778
125.0095117	7.059974655	150.9907341	6.077034372
125.0596569	7.0709157	151.0317548	5.887834483
125.1097056	7.082424837	151.070975	5.700833565
125.1596593	7.094517776	151.1083853	5.516083098
125.2095194	7.107209861	151.1439761	5.333633379
125.2592875	7.120515996	151.177739	5.153533287
125.3089734	7.134450552	151.2096983	4.975830056
125.3585954	7.149027287	151.239914	4.800569025
125.4081725	7.164259266	151.2684476	4.627793414
125.4577235	7.180158788	151.2953611	4.457544113
125.5072672	7.196737316	151.3207161	4.28985949
125.5568225	7.214005421	151.3445744	4.124775217
125.6064083	7.231972725	151.366998	3.962324127
125.6560435	7.250647855	151.3880487	3.802536076
125.7057471	7.270038399	151.4077886	3.64543784
125.7555379	7.290150875	151.4262795	3.491053014
125.8054348	7.3109907	151.4435837	3.339401953
125.8554568	7.332562172	151.4597633	3.190501711
125.9056228	7.354868447	151.4748804	3.044366014
125.9559518	7.377911537	151.4889973	2.901005246
126.0064627	7.401692303	151.5021763	2.760426459
126.0571745	7.426210459	151.51448	2.622633399
126.1081062	7.451464585	151.5259707	2.487626552
126.1592768	7.477452136	151.536711	2.355403212
126.2107051	7.504169472	151.5467635	2.225957565
126.2624104	7.53161188	151.5561909	2.099280798
126.3144115	7.559773614	151.565056	1.975361223
126.3667276	7.588647936	151.5734217	1.854184422
126.4193775	7.61822716	151.5813508	1.735733415
126.4723749	7.648502709	151.5888885	1.61998884
126.5257203	7.679465176	151.5960378	1.506929159
126.5794123	7.711104379	151.6027956	1.396530853
126.6334495	7.743409421	151.6091585	1.28876862
126.6878305	7.776368747	151.6151233	1.183615559
126.7425539	7.809970193	151.6206867	1.081043345
126.7976182	7.844201039	151.6258454	0.981022389
126.853022	7.879048051	151.6305961	0.883521997
126.9087639	7.914497529	151.6349353	0.788510508
126.9648424	7.950535347	151.6388597	0.695955436
127.0212559	7.98714699	151.6423658	0.605823584
127.0780029	8.024317592	151.64545	0.518081167
127.135082	8.062031966	151.6481089	0.432693912
127.1924916	8.10027464	151.6503388	0.349627155
127.2502302	8.139029879	151.6521362	0.268845925
127.3082962	8.178281716	151.6534974	0.190315022
127.366688	8.218013971	151.6544187	0.113999082
127.4254039	8.258210275	151.6548964	0.039862639
127.4844425	8.298854088	151.6549266	-0.032129833
127.5438021	8.339928713	151.6545056	-0.102013873
127.6034809	8.381417313	151.6536294	-0.169825006
127.6634774	8.423302921	151.6522942	-0.235598721
127.7237899	8.465568451	151.6504959	-0.299370457
127.7844169	8.508196705	151.6482319	-0.361175595
127.845358	8.551170378	151.6455071	-0.421049467
127.9066136	8.594472063	151.6423288	-0.479027359
127.9681837	8.638084255	151.6387046	-0.535144528
128.0300683	8.681989349	151.6346419	-0.589436214
128.0922678	8.726169647	151.6301479	-0.641937663
128.154782	8.770607351	151.6252302	-0.692684143
128.2176112	8.815284566	151.619896	-0.741710972
128.2807552	8.8601833	151.6141527	-0.789053541
128.3442143	8.905285457	151.6080074	-0.834747344
128.4079884	8.950572836	151.6014676	-0.878828008
128.4720775	8.996027129	151.5945402	-0.921331325
128.5364816	9.041629912	151.5872326	-0.962293288
128.6012007	9.087362645	151.5795519	-1.001750127
128.6662347	9.133206664	151.5715052	-1.039738347
128.7315836	9.179143173	151.5630996	-1.076294769
128.7972472	9.225153241	151.5543421	-1.111456569
128.8632256	9.271217794	151.5452397	-1.145261326
128.9295184	9.317317608	151.5357995	-1.177747063
128.9961257	9.363433303	151.5260283	-1.208952291
129.0630473	9.409545331	151.5159331	-1.238916062
129.1302829	9.455633974	151.5055207	-1.267678012
129.1978324	9.501679335	151.494798	-1.29527841
129.2656963	9.547661328	151.4837736	-1.32175821
129.3338815	9.593559674	151.4724718	-1.347159101
129.4023985	9.639353891	151.4609258	-1.371523547
129.4712578	9.685023301	151.4491691	-1.39489483
129.5404703	9.730547026	151.437235	-1.417317069
129.6100465	9.775904002	151.4251573	-1.438835233
129.6799974	9.821072992	151.4129696	-1.459495145
129.7503338	9.866032609	151.4007058	-1.479343464
129.8210668	9.910761337	151.3883999	-1.498427661
129.8922075	9.955237569	151.376086	-1.516795984
129.963767	9.999439639	151.3637983	-1.5344974
130.0357566	10.04334587	151.3515711	-1.551581536
130.1081877	10.08693462	151.3394391	-1.568098596
130.1810717	10.13018434	151.3274368	-1.584099268
130.2544201	10.17307365	151.315599	-1.599634623
130.3282446	10.21558136	151.3039605	-1.614755985
130.4025569	10.25768662	151.2925565	-1.629514804
130.4773687	10.29936893	151.2814221	-1.643962497
130.5526921	10.34060828	151.2705925	-1.658150289
130.628539	10.38138521	151.2601033	-1.672129031
130.7049216	10.42168095	151.2499899	-1.685949
130.781852	10.46147748	151.2402882	-1.69965969
130.8593425	10.5007577	151.231034	-1.713309585
130.937405	10.53950552	151.222262	-1.72694591
131.0160316	10.57770599	151.2139675	-1.740614377
131.0951913	10.61534547	151.2061001	-1.75435892
131.174852	10.65241169	151.1986064	-1.768221438
131.254981	10.68889395	151.1914327	-1.782241573
131.3355457	10.72478313	151.1845252	-1.796456492
131.4165131	10.76007185	151.1778297	-1.810900716
131.4978502	10.79475452	151.1712918	-1.825605955
131.5795237	10.82882737	151.1648567	-1.840600977
131.6615001	10.86228856	151.1584694	-1.855911498
131.7437457	10.89513818	151.1520746	-1.871560101
131.8262267	10.92737824	151.1456167	-1.887566171
131.9089089	10.95901275	151.13904	-1.903945861
131.991758	10.99004766	151.1322881	-1.920712082
132.0747395	11.02049086	151.1253048	-1.937874518
132.1578188	11.05035212	151.1180334	-1.955439661
132.240961	11.0796431	151.1104167	-1.973410876
132.324131	11.10837724	151.1023976	-1.99178849
132.4072934	11.13656967	151.0939185	-2.010569903
132.4904129	11.16423718	151.0849216	-2.02974973
132.5734538	11.19139807	151.0753488	-2.049319963
132.6563802	11.21807202	151.0651418	-2.06927016
132.7391561	11.24428001	151.0542418	-2.089587659
132.8217453	11.27004411	151.04259	-2.110257823
132.9041224	11.29538735	151.0301497	-2.131264303
132.9862898	11.32033353	151.0169411	-2.152589322
133.0682542	11.34490706	151.0029936	-2.174213965
133.1500226	11.36913274	150.9883368	-2.196118456
133.2316022	11.39303563	150.9730008	-2.21828242
133.313	11.41664086	150.9570157	-2.240685133
133.3942234	11.43997348	150.9404117	-2.263305755
133.4752798	11.46305826	150.9232194	-2.286123551
133.5561767	11.48591958	150.9054697	-2.309118091
133.6369217	11.50858126	150.8871937	-2.332269443
133.7175226	11.53106641	150.8684225	-2.355558348
133.7979873	11.55339726	150.8491876	-2.378966375
133.8783236	11.5755951	150.8295208	-2.40247607
133.9585396	11.59768004	150.809454	-2.426071083
134.0386435	11.61967097	150.7890193	-2.449736285
134.1186436	11.64158538	150.7682491	-2.473457865
134.1985481	11.66343923	150.747176	-2.497223413
134.2783656	11.6852469	150.7258328	-2.521021994
134.3581047	11.70702098	150.7042526	-2.544844197
134.4377738	11.72877224	150.6824685	-2.568682175
134.5173819	11.75050947	150.6605141	-2.592529668
134.5969378	11.77223941	150.6384229	-2.616382011
134.6764504	11.79396664	150.616229	-2.640236124
