143.510029	16.21358471	175.5637437	-1.51048077
143.6247692	16.18683307	175.5398059	-1.569545426
143.7394271	16.16007907	175.5157723	-1.628617317
143.8540154	16.13331868	175.4916965	-1.687708684
143.9685475	16.106546	175.4676314	-1.746837629
144.083037	16.07975325	175.4436286	-1.80602791
144.1974981	16.05293091	175.4197387	-1.865308718
144.311945	16.02606774	175.3960112	-1.924714422
144.4263926	15.99915089	175.3724947	-1.984284291
144.540856	15.972166	175.3492364	-2.04406219
144.6553507	15.94509727	175.3262827	-2.104096262
144.7698927	15.91792762	175.3036789	-2.164438572
144.8844983	15.89063874	175.2814691	-2.225144739
144.999184	15.86321127	175.2596966	-2.286273539
145.1139668	15.8356249	175.2384036	-2.34788649
145.2288643	15.80785852	175.2176311	-2.41004741
145.343894	15.77989036	175.1974194	-2.47282196
145.4590743	15.75169816	175.1778075	-2.536277156
145.5744234	15.72325935	175.1588338	-2.600480869
145.6899605	15.69455119	175.1405356	-2.665501297
145.8057046	15.66555099	175.122949	-2.731406419
145.9216756	15.63623631	175.1061097	-2.798263428
146.0378933	15.60658513	175.0900521	-2.866138145
146.1543781	15.57657612	175.0748095	-2.935094408
146.2711277	15.54618883	175.0603593	-3.005193448
146.3880945	15.51540393	175.0465689	-3.076493261
146.5052257	15.48420346	175.033294	-3.149048012
146.6224687	15.45257099	175.0203917	-3.222907497
146.739771	15.42049184	175.0077207	-3.298116668
146.8570805	15.3879532	174.9951409	-3.374715227
146.9743454	15.35494427	174.9825136	-3.452737279
147.0915138	15.32145637	174.9697016	-3.532211049
147.2085343	15.28748305	174.9565685	-3.61315866
147.3253556	15.25302008	174.9429797	-3.695595975
147.4419265	15.21806555	174.9288014	-3.779532495
147.5581961	15.18261988	174.9139012	-3.86497132
147.6741135	15.14668577	174.8981479	-3.951909169
147.7896283	15.11026819	174.8814115	-4.040336456
147.9046899	15.07337435	174.8635633	-4.130237428
148.0192479	15.03601357	174.8444754	-4.221590354
148.1332524	14.99819723	174.8240217	-4.314367781
148.246653	14.95993861	174.8020769	-4.408536836
148.3593999	14.92125277	174.778517	-4.504059587
148.4714433	14.88215637	174.7532195	-4.600893466
148.5827333	14.84266746	174.7260629	-4.698991736
148.6932202	14.80280531	174.6969272	-4.798304023
148.802858	14.76259013	174.6657019	-4.898776891
148.9116502	14.72204284	174.6323924	-5.000354476
149.0196367	14.68118479	174.5970891	-5.102979125
149.1268577	14.64003753	174.5598836	-5.206592027
149.2333528	14.59862255	174.520867	-5.311133783
149.3391609	14.55696106	174.4801297	-5.416544948
149.4443202	14.51507382	174.4377614	-5.522766503
149.5488685	14.47298095	174.3938511	-5.629740304
149.6528428	14.43070178	174.3484872	-5.737409465
149.7562798	14.3882547	174.3017575	-5.845718707
149.8592153	14.34565705	174.2537489	-5.954614656
149.9616849	14.30292503	174.204548	-6.064046103
150.0637233	14.2600736	174.1542403	-6.173964212
150.165365	14.2171164	174.1029111	-6.284322688
150.2666438	14.17406575	174.0506447	-6.395077903
150.3675929	14.13093259	173.9975249	-6.50618898
150.4682452	14.08772644	173.9436346	-6.617617829
150.5686329	14.04445544	173.8890563	-6.729329149
150.6687878	14.00112637	173.8338717	-6.841290384
150.7687411	13.95774465	173.7781617	-6.95347164
150.8685235	13.9143144	173.7220067	-7.065845559
150.9681654	13.87083854	173.6654863	-7.178387159
151.0676963	13.82731882	173.6086793	-7.291073629
151.167141	13.78375592	173.5516511	-7.403884087
151.266496	13.74014959	173.4943854	-7.516799306
151.3657469	13.69649874	173.4368356	-7.629801431
151.4648793	13.65280154	173.3789553	-7.742873702
151.5638791	13.60905551	173.3206985	-7.856000204
151.6627321	13.56525767	173.26202	-7.969165635
151.7614244	13.52140455	173.202875	-8.082355097
151.8599421	13.47749236	173.1432192	-8.195553909
151.9582712	13.43351696	173.0830091	-8.30874744
152.0563981	13.38947404	173.0222014	-8.42192097
152.1543091	13.34535907	172.9607536	-8.535059557
152.2519907	13.30116747	172.8986239	-8.648147946
152.3494294	13.25689455	172.8357709	-8.761170476
152.4466119	13.21253563	172.7721538	-8.874111027
152.5435249	13.16808604	172.7077325	-8.986952973
152.6401552	13.12354118	172.6424677	-9.099679163
152.7364898	13.07889649	172.5763204	-9.212271918
152.8325157	13.03414753	172.5092526	-9.324713051
152.9282201	12.98928995	172.4412268	-9.436983896
153.0235901	12.94431952	172.3722062	-9.549065375
153.118613	12.89923211	172.3021547	-9.660938059
153.2132763	12.85402372	172.2310372	-9.772582272
153.3075674	12.80869041	172.1588189	-9.883978193
153.4014781	12.76322836	172.0854784	-9.995105986
153.4950123	12.71763377	172.0110312	-10.10594594
153.5881765	12.67190291	171.9355003	-10.21647862
153.6809768	12.62603204	171.8589086	-10.32668499
153.7734196	12.58001745	171.7812792	-10.43654655
153.865511	12.53385541	171.7026351	-10.54604543
153.9572573	12.48754216	171.6229996	-10.65516455
154.0486645	12.44107395	171.5423958	-10.76388766
154.1397388	12.39444698	171.4608472	-10.87219943
154.2304861	12.34765745	171.3783771	-10.9800856
154.3209124	12.30070152	171.295009	-11.08753293
154.4110238	12.25357539	171.2107664	-11.19452937
154.500826	12.20627523	171.125673	-11.30106403
154.590325	12.15879724	171.0397523	-11.40712725
154.6795265	12.11113768	170.953028	-11.51271063
154.7684363	12.06329287	170.865524	-11.61780703
154.8570603	12.01525922	170.7772639	-11.72241061
154.9454039	11.96703328	170.6882716	-11.82651677
155.033473	11.91861173	170.5985709	-11.93012222
155.121273	11.86999148	170.5081856	-12.03322489
155.2088096	11.82116965	170.4171398	-12.13582392
155.2960883	11.77214365	170.3254573	-12.23791964
155.3831143	11.72291122	170.2331619	-12.33951349
155.4698883	11.67347047	170.140272	-12.44060798
155.5564055	11.62381994	170.0468	-12.54120662
155.6426607	11.57395866	169.9527579	-12.64131382
155.7286486	11.52388619	169.8581568	-12.74093487
155.8143636	11.47360266	169.7630078	-12.84007578
155.8997999	11.42310885	169.6673212	-12.93874325
155.9849514	11.37240619	169.5711072	-13.03694458
156.0698121	11.32149685	169.4743752	-13.13468754
156.1543754	11.27038375	169.3771343	-13.2319803
156.2386348	11.21907058	169.2793933	-13.32883134
156.3225834	11.16756192	169.1811603	-13.42524932
156.4062143	11.11586315	169.0824431	-13.52124301
156.4895202	11.0639806	168.9832489	-13.61682115
156.5724937	11.0119215	168.8835846	-13.71199236
156.6551273	10.95969402	168.7834565	-13.80676504
156.7374132	10.90730733	168.6828704	-13.90114723
156.8193433	10.85477156	168.5818318	-13.99514652
156.9009097	10.80209787	168.4803456	-14.08876992
156.9821039	10.74929844	168.3784162	-14.18202377
157.0629175	10.69638646	168.2760475	-14.27491358
157.1433418	10.64337616	168.1732432	-14.36744394
157.2233679	10.59028282	168.0700062	-14.45961841
157.3029873	10.53712274	167.9663377	-14.55143938
157.3821944	10.48391324	167.8622233	-14.64290796
157.4609859	10.43067267	167.7576404	-14.73402389
157.5393583	10.37742038	167.6525661	-14.82478538
157.6173085	10.32417672	167.5469776	-14.91518907
157.6948331	10.270963	167.4408523	-15.00522996
157.7719292	10.21780153	167.3341673	-15.09490128
157.8485936	10.16471552	167.2269003	-15.18419448
157.9248233	10.11172913	167.1190286	-15.27309922
158.0006156	10.05886742	167.0105298	-15.36160325
158.0759676	10.00615634	166.9013817	-15.44969247
158.1508764	9.953622684	166.7915618	-15.5373509
158.2253396	9.901294076	166.6810482	-15.62456068
158.2993545	9.849198949	166.5698186	-15.7113021
158.3729186	9.797366502	166.4578511	-15.79755362
158.4460294	9.745826673	166.3451239	-15.88329192
158.5186847	9.694610104	166.2316152	-15.96849197
158.5908821	9.643748103	166.1173033	-16.05312705
158.6626194	9.593272606	166.0021666	-16.13716891
158.7338946	9.543216134	165.8861838	-16.2205878
158.8047054	9.493611749	165.7693336	-16.30335258
158.87505	9.444493008	165.6515946	-16.38543087
158.9449264	9.395893917	165.532946	-16.46678917
159.0143337	9.347848872	165.4133726	-16.547393
159.0832745	9.300392613	165.2928865	-16.62720703
159.151753	9.253560161	165.1715077	-16.70619528
159.2197733	9.207386767	165.0492565	-16.78432126
159.2873396	9.161907855	164.9261528	-16.86154808
159.3544562	9.117158962	164.8022169	-16.93783864
159.4211274	9.073175682	164.6774687	-17.01315576
159.4873578	9.029993611	164.5519283	-17.08746226
159.5531518	8.987648284	164.4256159	-17.16072113
159.6185141	8.946175121	164.2985513	-17.23289562
159.6834494	8.905609362	164.1707547	-17.30394936
159.7479625	8.865986011	164.0422459	-17.37384645
159.8120582	8.827339772	163.9130449	-17.44255158
159.8757414	8.789704987	163.7831715	-17.51003011
159.9390172	8.753115572	163.6526455	-17.57624812
160.0018907	8.717604952	163.5214868	-17.64117258
160.0643668	8.683205997	163.3897149	-17.70477131
160.126451	8.649950951	163.2573495	-17.76701317
160.1881483	8.617871366	163.1244102	-17.82786802
160.2494642	8.58699803	162.9909164	-17.88730687
160.3104041	8.557360896	162.8568876	-17.94530187
160.3709734	8.528989006	162.722343	-18.00182641
160.4311777	8.501910419	162.5873018	-18.05685512
160.4910284	8.476152132	162.4517827	-18.11036397
160.5505464	8.45174	162.3158033	-18.16233027
160.6097533	8.428698667	162.1793817	-18.21273272
160.668671	8.407051493	162.0425361	-18.26155146
160.7273213	8.386820494	161.9052852	-18.30876806
160.7857265	8.36802628	161.7676482	-18.3543656
160.8439085	8.350688003	161.6296443	-18.39832863
160.9018896	8.334823317	161.4912933	-18.44064325
160.9596923	8.320448326	161.3526151	-18.48129711
161.0173389	8.307577558	161.2136303	-18.5202794
161.074852	8.296223932	161.0743595	-18.55758088
161.1322543	8.286398731	160.9348238	-18.59319388
161.1895685	8.278111586	160.7950447	-18.6271123
161.2468175	8.271370462	160.6550437	-18.65933161
161.3040241	8.266181651	160.5148431	-18.68984883
161.3612114	8.262549769	160.3744653	-18.71866254
161.4184025	8.260477758	160.233933	-18.74577284
161.4756206	8.2599669	160.0932693	-18.77118134
161.5328891	8.261016826	159.9524978	-18.79489114
161.5902312	8.26362554	159.8116421	-18.81690676
161.6476705	8.267789446	159.6707265	-18.83723417
161.7052306	8.273503377	159.5297754	-18.85588067
161.7629348	8.280760635	159.3888134	-18.8728549
161.820801	8.289553036	159.2478589	-18.88816676
161.8788424	8.299870955	159.106925	-18.90182734
161.937072	8.311703377	158.9660244	-18.91384889
161.9955026	8.32503795	158.8251692	-18.92424472
162.054147	8.339861036	158.6843717	-18.9330292
162.113018	8.356157764	158.5436434	-18.9402176
162.1721283	8.373912083	158.4029959	-18.94582613
162.2314905	8.393106821	158.2624404	-18.94987182
162.2911171	8.413723735	158.1219878	-18.95237247
162.3510207	8.435743574	157.9816486	-18.95334658
162.4112136	8.459146131	157.8414332	-18.95281333
162.4717082	8.483910305	157.7013517	-18.95079245
162.5325168	8.510014163	157.5614138	-18.94730422
162.5936516	8.537434996	157.421629	-18.94236938
162.6551248	8.566149386	157.2820065	-18.93600909
162.7169484	8.596133267	157.1425553	-18.92824485
162.7791344	8.62736199	157.0032839	-18.91909844
162.8416949	8.659810389	156.8642007	-18.90859188
162.9046416	8.693452851	156.7253138	-18.89674739
162.9679864	8.728263382	156.5866311	-18.88358727
163.0317409	8.764215677	156.4481599	-18.86913393
163.095917	8.801283195	156.3099075	-18.85340976
163.1605249	8.839439231	156.1718809	-18.83643711
163.2255672	8.878656989	156.034086	-18.81823826
163.2910425	8.918909659	155.8965286	-18.79883533
163.3569497	8.960170484	155.7592146	-18.77825025
163.4232875	9.00241283	155.6221497	-18.75650472
163.4900549	9.045610245	155.4853398	-18.73362015
163.5572507	9.089736519	155.3487906	-18.7096176
163.624874	9.13476574	155.212508	-18.68451779
163.6929238	9.180672341	155.0764978	-18.658341
163.7613991	9.227431148	154.9407658	-18.63110706
163.8302991	9.275017424	154.805318	-18.60283531
163.8996229	9.32340691	154.6701601	-18.57354453
163.9693699	9.372575856	154.535298	-18.54325294
164.0395392	9.422501063	154.4007376	-18.51197815
164.1101303	9.473159904	154.2664847	-18.47973711
164.1811425	9.524530358	154.1325452	-18.44654608
164.2525752	9.576591028	153.998925	-18.41242062
164.324428	9.629321168	153.8656299	-18.37737549
164.3967004	9.682700699	153.7326658	-18.3414247
164.469392	9.736710224	153.6000387	-18.3045814
164.5425025	9.791331042	153.4677544	-18.2668579
164.6160316	9.846545161	153.3358187	-18.2282656
164.6899791	9.902335306	153.2042376	-18.18881499
164.7643453	9.958684921	153.0730151	-18.14851556
164.8391316	10.01557818	152.9421511	-18.10737586
164.9143393	10.07299999	152.8116449	-18.06540337
164.9899699	10.13093599	152.6814952	-18.02260453
165.0660247	10.18937254	152.5517013	-17.97898473
165.1425051	10.24829674	152.4222617	-17.93454823
165.2194123	10.30769643	152.2931754	-17.88929819
165.2967474	10.36756016	152.1644409	-17.84323664
165.3745115	10.4278772	152.0360567	-17.7963645
165.4527058	10.48863756	151.9080213	-17.7486815
165.5313312	10.54983195	151.780333	-17.70018627
165.6103886	10.61145176	151.6529901	-17.65087626
165.6898789	10.67348912	151.5259905	-17.60074781
165.769803	10.73593681	151.3993324	-17.54979611
165.8501615	10.79878831	151.2730136	-17.49801523
165.9309552	10.86203773	151.147032	-17.44539815
166.0121846	10.92567987	151.0213853	-17.39193676
166.0938503	10.98971014	150.896071	-17.3376219
166.1759528	11.05412458	150.7710866	-17.28244336
166.2584925	11.11891985	150.6464296	-17.22638994
166.3414697	11.18409317	150.5220972	-17.16944951
166.4248847	11.24964235	150.3980866	-17.11160897
166.5087376	11.31556575	150.2743948	-17.05285439
166.5930273	11.38186225	150.151021	-16.993171
166.677751	11.44853124	150.0279664	-16.93254325
166.7629058	11.5155726	149.9052333	-16.87095491
166.8484891	11.58298666	149.7828241	-16.80838906
166.9344985	11.65077417	149.6607416	-16.74482822
167.0209313	11.71893628	149.5389891	-16.68025439
167.1077854	11.78747448	149.4175704	-16.61464909
167.1950584	11.85639061	149.2964894	-16.54799348
167.2827484	11.92568676	149.1757508	-16.48026839
167.3708533	11.99536527	149.0553595	-16.41145439
167.4593712	12.06542867	148.9353207	-16.34153191
167.5483005	12.13587963	148.8156402	-16.27048126
167.6376395	12.20672092	148.6963242	-16.19828274
167.7273867	12.27795536	148.5773792	-16.1249167
167.8175408	12.34958574	148.4588121	-16.05036364
167.9081004	12.42161481	148.3406303	-15.97460427
167.9990646	12.49404518	148.2228416	-15.89761959
168.0904322	12.56687929	148.1054542	-15.81939099
168.1822024	12.64011931	147.9884765	-15.73990029
168.2743746	12.71376712	147.8719176	-15.65912987
168.366948	12.78782423	147.7557868	-15.57706275
168.4599222	12.8622917	147.6400938	-15.49368261
168.5532975	12.93717008	147.5248496	-15.40897394
168.647083	13.01245935	147.410073	-15.3229221
168.7412929	13.08815881	147.2957884	-15.23551339
168.8359419	13.16426709	147.1820196	-15.14673511
168.9310444	13.24078201	147.0687904	-15.05657568
169.0266145	13.31770058	146.9561243	-14.96502463
169.1226667	13.39501892	146.8440442	-14.87207272
169.219215	13.47273225	146.7325731	-14.77771192
169.3162734	13.55083479	146.6217335	-14.68193552
169.4138558	13.62931981	146.5115475	-14.5847381
169.5119761	13.70817955	146.4020372	-14.48611563
169.610648	13.78740519	146.293224	-14.38606541
169.7098851	13.86698689	146.1851294	-14.28458616
169.8097009	13.94691369	146.0777742	-14.18167799
169.9101089	14.02717362	145.9711793	-14.07734244
170.0111223	14.10775358	145.8653649	-13.97158245
170.1127544	14.18863943	145.7603511	-13.86440238
170.2150182	14.26981596	145.6561576	-13.75580798
170.3179267	14.35126693	145.552804	-13.64580641
170.4214928	14.43297505	145.4503092	-13.53440621
170.5257291	14.51492206	145.3486921	-13.42161726
170.6306484	14.59708873	145.2479711	-13.3074508
170.736263	14.67945488	145.1481643	-13.19191933
170.8425834	14.76199945	145.0492887	-13.07503667
170.9496128	14.84470056	144.9513584	-12.95681785
171.0573529	14.92753552	144.8543868	-12.83727909
171.1658053	15.01048088	144.7583876	-12.71643778
171.2749719	15.09351253	144.6633745	-12.59431241
171.3848548	15.17660571	144.5693613	-12.47092255
171.495456	15.25973504	144.476362	-12.34628878
171.6067777	15.34287465	144.3843908	-12.22043265
171.7188223	15.42599814	144.2934618	-12.09337665
171.8315922	15.50907871	144.2035896	-11.9651441
171.9450899	15.59208917	144.1147885	-11.83575916
172.0593183	15.67500201	144.0270733	-11.70524672
172.1742801	15.75778946	143.9404586	-11.57363237
172.2899782	15.84042357	143.8549594	-11.4409423
172.4064158	15.92287622	143.7705905	-11.30720327
172.523596	16.00511923	143.6873672	-11.17244252
172.6415222	16.0871244	143.6053047	-11.03668768
172.7601979	16.16886362	143.5244183	-10.89996671
172.8796266	16.25030886	143.4447234	-10.76230781
172.9998122	16.33143235	143.3662358	-10.62373933
173.1207584	16.41220655	143.288971	-10.48428969
173.2424693	16.4926043	143.2129448	-10.34398726
173.3649491	16.57259889	143.1381732	-10.20286028
173.4881948	16.65216412	143.0646641	-10.06093675
173.6121908	16.73127441	142.9924107	-9.918244324
173.7369197	16.80990489	142.9214046	-9.774810197
173.8623645	16.88803143	142.8516376	-9.630661017
173.9885076	16.96563079	142.7831013	-9.485822783
174.1153317	17.04268062	142.7157874	-9.340320766
174.2428193	17.11915952	142.6496876	-9.194179428
174.370953	17.19504715	142.5847937	-9.047422344
174.499715	17.27032422	142.5210973	-8.900072143
174.6290878	17.34497254	142.4585901	-8.752150443
174.7590535	17.41897506	142.3972638	-8.603677796
174.8895943	17.4923159	142.33711	-8.454673641
175.0206924	17.56498038	142.2781205	-8.305156263
175.1523299	17.63695497	142.2202868	-8.155142755
175.2844886	17.70822741	142.1636005	-8.004648986
175.4171505	17.77878659	142.1080532	-7.853689581
175.5502974	17.84862264	142.0536364	-7.702277897
175.6839111	17.91772686	142.0003417	-7.550426013
175.8179733	17.98609173	141.9481605	-7.398144719
175.9524655	18.05371088	141.8970842	-7.245443521
176.0873693	18.12057904	141.8471042	-7.092330638
176.2226662	18.18669205	141.7982119	-6.938813014
176.3583378	18.25204677	141.7503986	-6.784896335
176.4943705	18.31664106	141.7036585	-6.630585048
176.6307553	18.38047372	141.657988	-6.475882385
176.7674833	18.4435444	141.6133838	-6.320790397
176.9045455	18.50585361	141.5698423	-6.165309981
177.0419326	18.5674026	141.5273598	-6.00944092
177.1796352	18.62819332	141.4859326	-5.853181921
177.3176438	18.68822837	141.4455565	-5.696530652
177.4559487	18.7475109	141.4062277	-5.539483795
177.5945402	18.80604457	141.3679418	-5.382037089
177.7334082	18.86383349	141.3306945	-5.224185385
177.8725427	18.92088211	141.2944812	-5.065922698
178.0119332	18.97719517	141.2592974	-4.907242269
178.1515695	19.03277762	141.2251382	-4.748136629
178.2914409	19.08763457	141.1919986	-4.588597661
178.4315368	19.14177114	141.1598737	-4.428616673
178.5718461	19.19519244	141.128758	-4.268184473
178.712358	19.24790346	141.0986463	-4.107291446
178.8530612	19.29990899	141.069533	-3.945927638
178.9939444	19.3512135	141.0414124	-3.784082843
179.1349962	19.40182109	141.0142786	-3.62174669
179.2762048	19.45173533	140.9881256	-3.458908745
179.4175587	19.50095925	140.9629473	-3.29555861
179.5590494	19.54949513	140.9387398	-3.131686022
179.7006886	19.59734448	140.9155136	-2.967280973
179.842495	19.6445079	140.8932839	-2.802333806
180.0155127	19.69098622	140.8720652	-2.63683533
180.1266841	19.73678422	140.8518717	-2.470776918
180.2691038	19.78190553	140.832717	-2.304150596
180.4117648	19.82634756	140.8146142	-2.136949144
180.5546856	19.87010518	140.7975758	-1.96916617
180.6978842	19.913172	140.7816142	-1.800796203
180.8413789	19.95554029	140.7667409	-1.631834762
180.9851876	19.99720099	140.7529671	-1.462278435
181.1293284	20.03814369	140.7403037	-1.292124949
181.273819	20.07835667	140.7287609	-1.121373236
181.4186772	20.11782689	140.7183486	-0.950023497
181.5639206	20.15654004	140.7090761	-0.778077266
181.7095667	20.19448054	140.7009525	-0.60553747
181.8556329	20.23163168	140.6939863	-0.43240848
182.0021364	20.26797558	140.6881856	-0.258696172
182.1490945	20.30349334	140.683558	-0.084407978
182.2965241	20.33816512	140.6801109	0.090447066
182.4444422	20.37197018	140.677851	0.265858266
182.5928654	20.40488706	140.6767848	0.441813225
182.7418105	20.43689366	140.6769182	0.618297796
182.8912844	20.4679674	140.6782593	0.795296034
183.0412676	20.49808531	140.6808212	0.972790155
183.1917361	20.52722423	140.6846168	1.150760494
183.3426655	20.55536091	140.6896577	1.329185468
183.4940318	20.58247212	140.6959536	1.508041545
183.6458106	20.60853482	140.7035131	1.687303215
183.7979777	20.63352621	140.7123432	1.866942963
183.9505087	20.65742387	140.7224494	2.046931248
184.1033793	20.68020586	140.7338362	2.227236477
184.256565	20.70185075	140.7465064	2.407824991
184.4100414	20.72233778	140.7604618	2.588661038
184.563784	20.74164684	140.7757029	2.769706759
184.7177684	20.75975862	140.7922288	2.950922163
184.8719701	20.77665459	140.8100377	3.132265109
185.0263645	20.7923171	140.8291266	3.313691286
185.1809272	20.80672937	140.8494914	3.495154183
185.3356336	20.81987559	140.8711268	3.676605067
185.4904592	20.83174088	140.8940268	3.857992956
185.6453795	20.84231133	140.9181843	4.039264584
185.8003699	20.85157402	140.9435912	4.220364372
185.9554061	20.859517	140.9702386	4.401234387
186.1104635	20.86612931	140.9981167	4.581814303
186.2655177	20.87140096	141.0272152	4.762041356
186.4205454	20.87532289	141.0575282	4.941850296
186.5755254	20.87788698	141.089058	5.121173339
186.7304372	20.879086	141.1218084	5.299940113
186.8852609	20.87891355	141.1557844	5.478077616
187.0399773	20.87736405	141.1909917	5.655510167
187.1945679	20.87443271	141.2274374	5.832159377
187.3490147	20.87011542	141.2651295	6.007944105
187.5033006	20.86440873	141.3040771	6.182780445
187.657409	20.85730982	141.3442903	6.356581697
187.8113238	20.84881637	141.3857805	6.529258361
187.9650299	20.83892656	141.4285599	6.700718134
188.1185125	20.82763897	141.4726419	6.870865921
188.2717577	20.8149525	141.5180412	7.039603847
188.424752	20.80086634	141.5647733	7.206831293
188.5774827	20.78537986	141.612855	7.372444938
188.7299377	20.76849254	141.6623043	7.53633881
188.8821056	20.75020392	141.7131402	7.698404358
189.0339754	20.7305135	141.7653829	7.858530539
189.1855369	20.70942065	141.8190536	8.016603917
189.3367805	20.68692459	141.874175	8.17250878
189.4876971	20.66302423	141.9307707	8.326127274
189.6382784	20.63771817	141.9888656	8.477339563
189.7885168	20.6110046	142.0484814	8.626023997
189.9384085	20.58288119	142.1096038	8.77205731
190.0879514	20.55334507	142.1722	8.915314819
190.2371442	20.52239274	142.2362393	9.055670626
190.3859861	20.49001999	142.3016931	9.19299782
190.5344766	20.45622187	142.3685349	9.327168666
190.6826156	20.42099261	142.4367397	9.458054797
190.8304037	20.38432558	142.506285	9.585527406
190.9778417	20.34621327	142.5771494	9.709457432
191.1249312	20.30664719	142.6493139	9.829715756
191.2716738	20.2656179	142.7227606	9.946173391
191.4180718	20.22311493	142.7974735	10.05870168
191.564128	20.17912682	142.8734381	10.16717251
191.7098455	20.13364102	142.9506414	10.2714585
191.8552279	20.08664396	143.0290718	10.37143325
192.0002793	20.03812103	143.1087192	10.46697153
192.145004	19.98805653	143.1895745	10.55794955
192.2894069	19.93643377	143.2716302	10.6442452
192.4334934	19.88323503	143.3548799	10.72573829
192.5772691	19.82844159	143.4393184	10.80231086
192.7207404	19.77203382	143.5249415	10.87384741
192.8639136	19.71399116	143.6117462	10.94023529
193.0067958	19.65429222	143.6997305	11.00136493
193.1493926	19.59291483	143.788881	11.05713022
193.2917016	19.52983608	143.8791325	11.10742887
193.4337181	19.46503248	143.9704052	11.15216272
193.5754367	19.39847994	144.0626183	11.19123811
193.716852	19.33015395	144.1556905	11.22456618
193.8579581	19.26002962	144.2495398	11.25206316
193.9987485	19.18808177	144.3440834	11.27365068
194.1392168	19.11428505	144.439238	11.28925596
194.2793557	19.03861406	144.5349196	11.29881215
194.4191579	18.96104339	144.6310438	11.30225846
194.5586156	18.88154779	144.7275253	11.2995404
194.6977207	18.80010226	144.8242786	11.29060997
194.8364646	18.71668214	144.9212174	11.2754258
194.9748385	18.63126327	145.0182551	11.25395331
195.112833	18.54382207	145.1153047	11.22616481
195.2504386	18.4543357	145.2122785	11.19203963
195.3876452	18.36278214	145.3090886	11.15156419
195.5244425	18.26914036	145.4056465	11.10473208
195.6608198	18.17339042	145.5018637	11.05154405
195.7967659	18.07551361	145.5976509	10.9920081
195.9322695	17.97549261	145.6929187	10.92613946
196.0673186	17.87331156	145.7875775	10.85396053
196.201901	17.76895629	145.8815372	10.77550091
196.3359991	17.66241438	145.974717	10.69079728
196.469584	17.55367533	146.0670551	10.59989337
196.6026239	17.44273073	146.1584906	10.50283983
196.7350862	17.32957431	146.2489614	10.39969415
196.8669369	17.21420216	146.3384039	10.29052056
196.9981411	17.09661275	146.426753	10.17538988
197.1286624	16.97680711	146.5139421	10.05437944
197.2584635	16.85478887	146.5999032	9.927572917
197.387506	16.73056441	146.684567	9.795060173
197.5157502	16.60414285	146.7678626	9.656937125
197.6431554	16.47553619	146.8497175	9.513305554
197.7696799	16.34475933	146.9300582	9.364272914
197.8952808	16.21183011	147.0088094	9.209952131
198.019914	16.07676935	147.0858946	9.050461381
198.1435347	15.93960083	147.1612358	8.885923846
198.266097	15.80035135	147.2347536	8.716467458
198.3875537	15.65905067	147.3063672	8.542224617
198.507857	15.51573148	147.3759943	8.363331894
198.6269581	15.37042939	147.4435515	8.179929703
198.7448071	15.22318284	147.5089536	7.992161958
198.8613533	15.074033	147.5721145	7.800175698
198.9765454	14.92302375	147.6329463	7.604120692
199.0903324	14.77020149	147.6913638	7.404149014
199.2026861	14.61561505	147.7473398	7.200414589
199.3135962	14.45931552	147.8008936	6.99307274
199.4230538	14.30135614	147.8520461	6.782279726
199.53105	14.14179212	147.9008189	6.568192319
199.6375767	13.98068053	147.9472336	6.35096739
199.7426261	13.8180801	147.9913126	6.130761524
199.8461908	13.65405114	148.0330785	5.907730655
199.9482637	13.48865538	148.0725546	5.682029723
200.0488384	13.32195582	148.1097644	5.45381235
200.1479087	13.15401659	148.1447319	5.223230541
200.2454689	12.98490285	148.1774817	4.9904344
200.3415135	12.81468061	148.2080387	4.755571874
200.4360376	12.64341663	148.2364283	4.518788505
200.5290366	12.47117829	148.2626762	4.280227216
200.6205062	12.29803345	148.2868089	4.040028103
200.7104425	12.12405031	148.308853	3.798328257
200.798842	11.94929732	148.3288357	3.555261593
200.8857014	11.77384301	148.3467846	3.310958711
200.9710179	11.5977559	148.3627278	3.065546762
201.0547888	11.42110436	148.3766938	2.819149341
201.1370118	11.24395651	148.3887115	2.571886394
201.2176852	11.06638007	148.3988103	2.323874142
201.2968088	10.88844224	148.4070184	2.075225025
201.3743947	10.71020961	148.4133541	1.826047657
201.45046	10.53174802	148.4178317	1.576446803
201.5250222	10.35312245	148.4204663	1.326523354
201.5980987	10.17439696	148.4212731	1.076374323
201.6697075	9.99563454	148.4202681	0.826092842
201.7398666	9.816897087	148.4174676	0.57576817
201.8085942	9.6382453	148.4128882	0.32548571
201.8759089	9.459738627	148.4065474	0.07532703
201.9418292	9.281435214	148.3984626	-0.174630102
202.0063739	9.103391853	148.3886521	-0.424311681
202.0695621	8.92566395	148.3771343	-0.673647412
202.131413	8.748305497	148.3639283	-0.922570661
202.1919457	8.571369043	148.3490533	-1.171018383
202.2511798	8.394905692	148.3325292	-1.418931058
202.3091349	8.218965089	148.3143762	-1.666252607
202.3658306	8.04359543	148.294615	-1.912930307
202.4212868	7.868843465	148.2732664	-2.158914695
202.4755234	7.694754525	148.250352	-2.404159464
202.5285606	7.521372539	148.2258935	-2.648621356
202.5804183	7.348740072	148.1999132	-2.892260039
202.631117	7.176898362	148.1724336	-3.135037986
202.6806769	7.005887372	148.1434777	-3.376920335
202.7291142	6.835745837	148.1130642	-3.61787475
202.7764314	6.66651133	148.0811966	-3.857871276
202.8226283	6.498220319	148.0478752	-4.09688218
202.8677046	6.330908225	148.0131003	-4.33488181
202.9116598	6.164609481	147.9768717	-4.571846448
202.9544935	5.999357583	147.9391894	-4.807754166
202.9962053	5.835185132	147.9000531	-5.042584688
203.0367946	5.672123888	147.859462	-5.276319261
203.076261	5.510204801	147.8174157	-5.508940517
203.1146039	5.349458051	147.7739133	-5.740432353
203.1518227	5.189913079	147.7289537	-5.970779808
203.1879167	5.031598614	147.6825357	-6.199968943
203.2228853	4.874542692	147.6346581	-6.427986734
203.2567279	4.71877268	147.5853193	-6.654820957
203.2894437	4.564315284	147.5345176	-6.880460093
203.321032	4.411196558	147.4822512	-7.104893223
203.3514922	4.259441907	147.4285182	-7.328109939
203.3808233	4.109076086	147.3733163	-7.550100256
203.4090247	3.960123193	147.3166432	-7.770854529
203.4360957	3.812606652	147.2584965	-7.990363374
203.4620353	3.6665492	147.1988736	-8.2086176
203.4868429	3.521972863	147.1377716	-8.425608145
203.5105178	3.378898923	147.0751876	-8.641326008
203.5330662	3.237347886	147.0111179	-8.855762203
203.5545019	3.097339448	146.9455584	-9.068907709
203.5748392	2.958892446	146.8785045	-9.280753425
203.5940924	2.822024831	146.8099516	-9.491290141
203.6122758	2.686753625	146.7398952	-9.700508505
203.6294036	2.553094886	146.6683305	-9.908399006
203.6454902	2.421063677	146.5952525	-10.11495196
203.6605499	2.290674032	146.5206565	-10.32015748
203.674597	2.16193892	146.4445372	-10.52400554
203.6876458	2.034870224	146.3668896	-10.7264859
203.6997107	1.909478701	146.2877083	-10.92758818
203.710806	1.785773961	146.206988	-11.12730185
203.7209461	1.663764434	146.1247232	-11.32561628
203.7301454	1.54345735	146.0409082	-11.52252076
203.7384181	1.424858707	145.9555374	-11.71800457
203.7457787	1.30797325	145.8686048	-11.912057
203.7522416	1.192804445	145.7801046	-12.10466742
203.7578212	1.079354458	145.6900306	-12.29582538
203.7625318	0.967624133	145.5983767	-12.48552064
203.7663879	0.857612969	145.5051365	-12.67374328
203.769404	0.7493191	145.4103036	-12.86048379
203.7715944	0.642739278	145.3138714	-13.04573316
203.7729741	0.53786885	145.2158357	-13.22948302
203.7735643	0.434701747	145.1162191	-13.4117257
203.7733898	0.333230464	145.0150612	-13.59245441
203.7724755	0.233446051	144.9124014	-13.77166331
203.7708465	0.135338113	144.8082793	-13.94934761
203.7685275	0.03889481	144.7027344	-14.12550365
203.7655435	-0.055897136	144.5958064	-14.30012899
203.7619193	-0.149052425	144.4875347	-14.47322242
203.75768	-0.240587156	144.3779588	-14.64478405
203.7528503	-0.330518805	144.2671182	-14.81481529
203.7474552	-0.418866185	144.1550524	-14.9833189
203.7415194	-0.505649414	144.0418008	-15.15029896
203.7350678	-0.590889862	143.9274029	-15.31576087
203.7281253	-0.674610101	143.811898	-15.47971132
203.7207166	-0.756833849	143.6953255	-15.64215826
203.7128665	-0.837585899	143.5777249	-15.8031108
203.7045997	-0.916892049	143.4591354	-15.9625792
203.6959411	-0.994779024	143.3395964	-16.12057473
203.6869154	-1.071274386	143.2191471	-16.27710963
203.6775472	-1.146406447	143.0978268	-16.43219695
203.6678611	-1.220204164	142.9756748	-16.58585044
203.657882	-1.292697031	142.8527303	-16.73808442
203.6476342	-1.363914972	142.7290324	-16.88891364
203.6371378	-1.43388821	142.604613	-17.03835306
203.6263881	-1.502647147	142.479467	-17.18641773
203.615373	-1.570222237	142.3535778	-17.33312259
203.6040804	-1.636643863	142.226929	-17.4784823
203.5924983	-1.701942236	142.0995045	-17.62251108
203.5806144	-1.766147289	141.9712883	-17.76522257
203.5684169	-1.829288592	141.8422646	-17.90662968
203.5558936	-1.891395272	141.712418	-18.04674451
203.5430324	-1.952495944	141.5817331	-18.1855782
203.5298212	-2.012618649	141.4501947	-18.32314087
203.5162482	-2.071790805	141.3177881	-18.4594415
203.5023011	-2.130039167	141.1844983	-18.59448788
203.4879681	-2.187389791	141.0503111	-18.72828655
203.473237	-2.243868016	140.9152121	-18.86084276
203.4580958	-2.299498444	140.7791874	-18.99216039
203.4425326	-2.354304941	140.642223	-19.12224197
203.4265354	-2.408310638	140.5043055	-19.25108867
203.4100921	-2.461537942	140.3654215	-19.37870024
203.3931907	-2.514008562	140.2255579	-19.50507507
203.3758193	-2.565743532	140.0847017	-19.63021019
203.3579659	-2.616763256	139.9428404	-19.75410129
203.3396184	-2.66708755	139.7999615	-19.87674277
203.320765	-2.716735701	139.6560529	-19.9981278
203.3014029	-2.765726524	139.5111109	-20.11824835
203.2815443	-2.814078438	139.3651454	-20.23709529
203.2612031	-2.861809528	139.2181676	-20.35465842
203.2403933	-2.908937615	139.0701885	-20.47092659
203.2191287	-2.955480313	138.9212191	-20.58588773
203.1974232	-3.001455088	138.7712703	-20.69952895
203.1752906	-3.046879309	138.6203527	-20.81183658
203.1527451	-3.091770292	138.4684771	-20.92279624
203.1298004	-3.136145347	138.3156537	-21.03239295
203.1064705	-3.18002181	138.1618932	-21.14061114
203.0827696	-3.223417079	138.0072057	-21.24743476
203.0587114	-3.26634864	137.8516013	-21.3528473
203.0343102	-3.308834087	137.6950903	-21.45683193
203.0095799	-3.350891143	137.5376824	-21.55937149
202.9845346	-3.39253767	137.3793875	-21.6604486
202.9591884	-3.433791674	137.2202154	-21.76004573
202.9335555	-3.474671309	137.0601756	-21.85814523
202.9076499	-3.515194868	136.8992776	-21.95472946
202.881486	-3.55538078	136.7375307	-22.0497808
202.8550777	-3.59524759	136.5749443	-22.14328176
202.8284395	-3.634813936	136.4115275	-22.23521501
202.8015855	-3.674098528	136.2472893	-22.32556351
202.7745294	-3.713120112	136.0822387	-22.41431053
202.7472749	-3.751897432	135.9163872	-22.50143976
202.7198162	-3.790449187	135.7497485	-22.58693537
202.6921472	-3.828793996	135.5823365	-22.67078207
202.6642618	-3.866950359	135.414165	-22.75296521
202.636154	-3.904936623	135.2452475	-22.83347086
202.6078174	-3.942770953	135.0755978	-22.91228585
202.5792461	-3.980471307	134.9052295	-22.98939784
202.5504337	-4.018055414	134.734156	-23.06479545
202.5213741	-4.055540755	134.5623909	-23.13846826
202.492061	-4.092944547	134.3899477	-23.21040693
202.462488	-4.13028373	134.2168396	-23.28060322
202.4326489	-4.167574963	134.04308	-23.34905012
202.4025373	-4.204834612	133.8686821	-23.41574189
202.3721468	-4.242078756	133.6936592	-23.48067411
202.3414711	-4.279323178	133.5180242	-23.54384377
202.3105036	-4.316583379	133.3417903	-23.60524935
202.2792379	-4.35387458	133.1649705	-23.66489086
202.2476675	-4.391211733	132.9875775	-23.72276994
202.2157859	-4.428609536	132.8096243	-23.7788899
202.1835863	-4.466082448	132.6311234	-23.8332558
202.1510623	-4.50364471	132.4520877	-23.88587454
202.1182071	-4.541310365	132.2725296	-23.93675488
202.0850149	-4.579093285	132.0924636	-23.98590757
202.0514871	-4.6170072	131.911919	-24.03334535
202.0176281	-4.655065723	131.7309326	-24.07908309
201.9834425	-4.693282379	131.5495409	-24.12313778
201.9489349	-4.731670627	131.3677803	-24.16552859
201.9141096	-4.770243885	131.1856873	-24.20627692
201.8789712	-4.809015543	131.0032982	-24.24540642
201.8435238	-4.847998984	130.820649	-24.28294295
201.8077718	-4.887207593	130.637776	-24.31891464
201.7717195	-4.92665477	130.454715	-24.35335183
201.7353709	-4.966353935	130.2715019	-24.38628704
201.6987302	-5.006318533	130.0881725	-24.41775499
201.6618015	-5.046562036	129.9047623	-24.44779245
201.6245887	-5.08709794	129.7213069	-24.47643827
201.5870958	-5.127939763	129.5378416	-24.50373324
201.5493265	-5.169101034	129.3544017	-24.52972003
201.5112848	-5.210595286	129.1710223	-24.55444309
201.4729744	-5.252436043	128.9877385	-24.57794853
201.4343989	-5.294636797	128.8045851	-24.60028397
201.395562	-5.337210999	128.6215969	-24.62149846
201.3564672	-5.380172027	128.4388084	-24.64164227
201.3171181	-5.423533165	128.2562542	-24.66076678
201.277518	-5.467307577	128.0739686	-24.67892424
201.2376683	-5.511508268	127.8919745	-24.69616763
201.1975653	-5.556148055	127.710266	-24.71255046
201.1572043	-5.601239534	127.5288327	-24.72812655
201.116581	-5.646795038	127.3476642	-24.74294981
201.0756906	-5.692826609	127.1667504	-24.75707415
201.0345288	-5.739345963	126.9860809	-24.77055317
200.9930909	-5.786364454	126.8056458	-24.78344011
200.9513726	-5.833893044	126.6254348	-24.79578761
200.9093692	-5.881942272	126.4454381	-24.80764757
200.8670763	-5.930522217	126.2656458	-24.81907102
200.8244894	-5.979642471	126.0860478	-24.83010796
200.781604	-6.029312106	125.9066345	-24.84080721
200.7384156	-6.079539641	125.7273961	-24.85121631
200.6949198	-6.130333016	125.548323	-24.86138137
200.6511121	-6.181699556	125.3694055	-24.87134698
200.606988	-6.233645944	125.1906341	-24.88115604
200.5625432	-6.28617819	125.0119994	-24.89084972
200.5177731	-6.339301598	124.8334919	-24.9004673
200.4726734	-6.39302074	124.6551022	-24.9100461
200.4272396	-6.447339422	124.4768212	-24.9196214
200.3814673	-6.502260656	124.2986395	-24.9292263
200.3353521	-6.557786631	124.1205481	-24.93889171
200.2888896	-6.613918678	123.9425376	-24.94864618
200.242072	-6.670657245	123.7645922	-24.95851591
200.1948877	-6.728001866	123.5866873	-24.96852463
200.1473247	-6.785951134	123.4087976	-24.97869355
200.0993709	-6.844502677	123.2308982	-24.98904131
200.0510144	-6.903653141	123.052964	-24.99958396
200.0022431	-6.963398172	122.8749701	-25.0103349
199.9530453	-7.023732405	122.6968918	-25.02130491
199.9034089	-7.084649452	122.5187045	-25.03250211
199.853322	-7.146141903	122.3403836	-25.04393197
199.8027728	-7.208201321	122.1619047	-25.05559735
199.7517495	-7.270818244	121.9832434	-25.06749853
199.7002401	-7.333982193	121.8043754	-25.07963321
199.648233	-7.397681681	121.6252767	-25.09199661
199.5957163	-7.461904229	121.4459232	-25.10458153
199.5426782	-7.526636379	121.266291	-25.11737838
199.489107	-7.591863721	121.0863563	-25.1303753
199.434991	-7.657570913	120.9060954	-25.14355827
199.3803185	-7.723741716	120.7254846	-25.15691116
199.3250779	-7.790359021	120.5445007	-25.1704159
199.2692575	-7.857404891	120.36312	-25.1840526
199.2128457	-7.924860601	120.1813195	-25.19779966
199.1558309	-7.992706681	119.9990759	-25.21163393
199.098202	-8.06092297	119.8163681	-25.22553091
199.0399539	-8.129488664	119.6331978	-25.23946484
198.9810858	-8.198382378	119.4495833	-25.25340895
198.9215968	-8.267582197	119.2655434	-25.26733561
198.8614861	-8.337065735	119.0810964	-25.28121645
198.8007528	-8.406810187	118.8962611	-25.29502256
198.7393962	-8.476792387	118.7110559	-25.30872461
198.6774154	-8.546988859	118.5254996	-25.322293
198.6148094	-8.617375873	118.3396105	-25.33569797
198.5515774	-8.687929497	118.1534072	-25.34890972
198.4877184	-8.758625647	117.9669083	-25.36189853
198.4232316	-8.829440144	117.7801322	-25.37463485
198.358116	-8.900348767	117.5930974	-25.3870894
198.2923706	-8.971327301	117.4058223	-25.39923324
198.2259945	-9.042351594	117.2183253	-25.41103789
198.1589866	-9.113397607	117.0306249	-25.42247532
198.0913459	-9.184441473	116.8427394	-25.43351809
198.0230715	-9.255459542	116.6546871	-25.44413936
197.9541622	-9.326428443	116.4664864	-25.45431296
197.884617	-9.397325137	116.2781555	-25.46401339
197.8144349	-9.468126968	116.0897128	-25.47321591
197.7436147	-9.538811726	115.9011763	-25.48189649
197.6721553	-9.609357701	115.7125643	-25.49003192
197.6000578	-9.679743739	115.5238929	-25.49759972
197.5273312	-9.749949304	115.3351702	-25.50457822
197.4539869	-9.819954533	115.1464022	-25.51094653
197.380036	-9.889740287	114.9575949	-25.51668453
197.3054898	-9.959288202	114.7687542	-25.5217729
197.2303593	-10.02858073	114.5798858	-25.52619308
197.1546557	-10.09760117	114.3909955	-25.52992729
197.0783901	-10.16633373	114.2020888	-25.53295851
197.0015737	-10.2347635	114.0131714	-25.53527051
196.9242174	-10.30287656	113.8242487	-25.5368478
196.8463324	-10.37065991	113.6353261	-25.53767565
196.7679296	-10.43810157	113.4464088	-25.53774009
196.6890201	-10.50519052	113.2575023	-25.53702791
196.6096149	-10.57191677	113.0686115	-25.53552661
196.5297249	-10.63827132	112.8797417	-25.53322446
196.449361	-10.70424617	112.6908977	-25.53011047
196.3685343	-10.76983435	112.5020847	-25.52617436
196.2872556	-10.83502987	112.3133074	-25.5214066
196.2055357	-10.89982772	112.1245707	-25.51579839
196.1233856	-10.96422385	111.9358793	-25.50934165
196.040816	-11.0282152	111.7472379	-25.50202902
195.9578378	-11.09179958	111.558651	-25.49385389
195.8744618	-11.15497576	111.3701233	-25.48481037
195.7906963	-11.21774332	111.1816624	-25.47489327
195.706545	-11.28010272	110.9932829	-25.46409818
195.6220109	-11.3420552	110.8049996	-25.45242137
195.5370973	-11.40360276	110.616828	-25.43985987
195.4518074	-11.46474815	110.4287832	-25.42641142
195.3661445	-11.5254948	110.2408807	-25.41207444
195.280112	-11.58584679	110.0531359	-25.39684806
195.1937132	-11.64580884	109.8655645	-25.38073206
195.1069517	-11.70538624	109.6781821	-25.36372687
195.0198309	-11.76458483	109.4910045	-25.34583351
194.9323543	-11.82341099	109.3040474	-25.32705359
194.8445257	-11.88187153	109.1173269	-25.30738923
194.7563487	-11.93997372	108.9308589	-25.28684307
194.667827	-11.99772524	108.7446595	-25.26541817
194.5789644	-12.05513411	108.5587451	-25.24311796
194.4897649	-12.11220868	108.3731318	-25.21994624
194.4002323	-12.16895758	108.187836	-25.19590704
194.3103705	-12.22538968	108.0028743	-25.1710046
194.2201837	-12.28151405	107.8182631	-25.1452433
194.129676	-12.33733992	107.6340191	-25.11862755
194.0388515	-12.39287663	107.4501591	-25.09116174
193.9477144	-12.44813359	107.2666999	-25.06285013
193.8562688	-12.50312023	107.0836576	-25.03369676
193.7645142	-12.55784598	106.9010314	-25.00370539
193.6724452	-12.61232018	106.7188022	-24.97287933
193.5800561	-12.66655207	106.5369502	-24.94122144
193.4873412	-12.72055074	106.3554554	-24.90873396
193.3942947	-12.7743251	106.1742977	-24.87541853
193.3009109	-12.82788383	105.9934571	-24.84127608
193.2071839	-12.88123537	105.8129132	-24.8063068
193.1131081	-12.93438789	105.6326458	-24.77051012
193.0186773	-12.98734926	105.4526344	-24.73388472
192.9238859	-13.04012703	105.2728587	-24.69642849
192.8287278	-13.09272843	105.0932979	-24.65813854
192.7331972	-13.14516036	104.9139315	-24.61901126
192.6372879	-13.19742935	104.7347389	-24.57904233
192.5409941	-13.24954158	104.5556991	-24.53822677
192.4443096	-13.3015029	104.3767913	-24.49655901
192.3472284	-13.35331879	104.1979946	-24.45403298
192.2497443	-13.40499439	104.019288	-24.41064216
192.1518512	-13.4565345	103.8406503	-24.36637973
192.053543	-13.50794361	103.6620605	-24.32123865
191.9548134	-13.55922588	103.4834973	-24.2752118
191.8556562	-13.61038522	103.3049393	-24.22829212
191.7560651	-13.66142525	103.1263653	-24.1804728
191.6560351	-13.71234937	102.94776	-24.13174738
191.5555689	-13.76316075	102.7691466	-24.08210999
191.4546724	-13.81386242	102.5905628	-24.0315555
191.3533511	-13.86445723	102.4120464	-23.98007971
191.2516107	-13.91494793	102.2336355	-23.92767949
191.149457	-13.96533717	102.0553678	-23.87435292
191.0468955	-14.01562753	101.8772816	-23.82009945
190.943932	-14.06582154	101.6994148	-23.76491995
190.840572	-14.11592167	101.5218059	-23.70881687
190.7368212	-14.16593041	101.344493	-23.65179426
190.6326851	-14.21585021	101.1675145	-23.5938579
190.5281693	-14.26568353	100.9909088	-23.53501529
190.4232795	-14.31543286	100.8147145	-23.47527571
190.318021	-14.36510067	100.6389702	-23.41465026
190.2123996	-14.41468947	100.4637144	-23.35315183
190.1064206	-14.46420179	100.2889859	-23.29079511
190.0000896	-14.51364018	100.1148234	-23.22759653
189.893412	-14.5630072	99.9412658	-23.16357426
189.7863934	-14.6123054	99.76835195	-23.09874814
189.6790391	-14.66153736	99.5961208	-23.03313959
189.5713546	-14.71070561	99.42461132	-22.96677151
189.4633453	-14.75981269	99.25386256	-22.8996682
189.3550166	-14.80886108	99.08391358	-22.83185523
189.2463721	-14.85785319	98.91479315	-22.76335931
189.13741	-14.90679135	98.74649929	-22.69420808
189.0281279	-14.95567781	98.5790243	-22.62443005
188.9185232	-15.00451468	98.41236057	-22.55405436
188.8085934	-15.05330393	98.24650046	-22.48311069
188.6983362	-15.10204738	98.08143639	-22.4116291
188.5877492	-15.15074666	97.91716081	-22.33963986
188.4768303	-15.19940325	97.75366621	-22.2671734
188.3655771	-15.2480184	97.59094512	-22.19426011
188.2539877	-15.29659316	97.4289901	-22.12093026
188.14206	-15.34512835	97.26779377	-22.04721386
188.0297921	-15.39362459	97.10734878	-21.97314059
187.917182	-15.44208222	96.94764786	-21.89873967
187.8042279	-15.49050137	96.78868376	-21.82403975
187.6909282	-15.5388819	96.63044931	-21.74906884
187.5772812	-15.58722342	96.47293739	-21.67385421
187.4632852	-15.63552527	96.31614095	-21.59842231
187.3489388	-15.68378654	96.16005299	-21.52279868
187.2342406	-15.73200604	96.00466658	-21.44700787
187.1191893	-15.78018233	95.84997486	-21.37107338
187.0037834	-15.82831369	95.69597105	-21.2950176
186.888022	-15.87639813	95.54264844	-21.21886172
186.7719039	-15.9244334	95.39000034	-21.14262567
186.6554284	-15.97241698	95.23801784	-21.06632808
186.5385959	-16.02034609	95.08668853	-20.98998622
186.4214066	-16.06821768	94.93599976	-20.91361596
186.3038606	-16.11602846	94.78593892	-20.83723169
186.1859582	-16.16377487	94.63649347	-20.76084635
186.0676997	-16.2114531	94.48765089	-20.68447134
185.9490852	-16.2590591	94.3393987	-20.60811651
185.8301149	-16.30658855	94.19172447	-20.53179018
185.710789	-16.3540369	94.04461579	-20.45549907
185.5911078	-16.40139938	93.89806029	-20.37924836
185.4710713	-16.44867094	93.75204562	-20.30304162
185.3506797	-16.49584633	93.60655945	-20.22688088
185.2299333	-16.54292006	93.46158948	-20.15076658
185.1088321	-16.58988643	93.31712343	-20.07469764
184.9873764	-16.63673948	93.17314901	-19.99867148
184.8655661	-16.68347308	93.02965396	-19.92268399
184.7434015	-16.73008087	92.88662605	-19.84672965
184.6208828	-16.77655629	92.74405301	-19.77080151
184.4980099	-16.82289256	92.60192262	-19.69489126
184.3747829	-16.86908275	92.46022264	-19.61898926
184.2512021	-16.91511971	92.31894082	-19.54308465
184.1272675	-16.96099612	92.17806493	-19.46716535
184.0029792	-17.00670449	92.03758357	-19.39121817
183.8783392	-17.05223719	91.89749379	-19.31522889
183.7533501	-17.0975864	91.75779733	-19.23918231
183.6280145	-17.14274417	91.6184959	-19.16306235
183.5023349	-17.18770243	91.47959107	-19.08685212
183.3763137	-17.23245295	91.34108435	-19.01053401
183.2499534	-17.27698739	91.20297712	-18.93408977
183.1232562	-17.32129728	91.06527068	-18.85750055
182.9962244	-17.36537405	90.92796622	-18.78074705
182.86886	-17.40920901	90.79106483	-18.70380951
182.7411651	-17.45279338	90.6545675	-18.62666787
182.6131418	-17.49611825	90.51847515	-18.5493018
182.4847919	-17.53917465	90.38278856	-18.47169078
182.3561172	-17.58195351	90.24750846	-18.3938142
182.2271195	-17.62444566	90.11263547	-18.31565143
182.0978004	-17.66664187	89.9781701	-18.23718187
181.9681615	-17.70853282	89.84411279	-18.1583851
181.8382043	-17.75010913	89.71046389	-18.07924089
181.7079302	-17.79136134	89.57722365	-17.99972933
181.5773405	-17.83227996	89.44439223	-17.91983086
181.4464365	-17.87285543	89.31196972	-17.83952644
181.3152194	-17.91307814	89.17995611	-17.75879754
181.1836901	-17.95293846	89.04835131	-17.67762631
181.0518498	-17.99242672	88.91715867	-17.5959956
180.9197002	-18.03153324	88.7863977	-17.5138891
180.787243	-18.07024832	88.65609246	-17.4312914
180.6544798	-18.10856226	88.52626687	-17.34818808
180.5214122	-18.1464654	88.39694475	-17.26456575
180.3880413	-18.18394807	88.26814976	-17.18041214
180.2543685	-18.22100066	88.13990546	-17.09571614
180.1203947	-18.25761359	88.01223527	-17.01046782
180.013879	-18.29377624	87.88516247	-16.92465848
179.851548	-18.32947359	87.75871023	-16.83828066
179.7166764	-18.36469071	87.63290157	-16.75132813
179.5815068	-18.39941725	87.50775941	-16.66379594
179.4460395	-18.43364414	87.38330649	-16.57568037
179.3102747	-18.46736246	87.25956546	-16.48697892
179.1742125	-18.50056345	87.13655881	-16.3976903
179.0378528	-18.53323858	87.01430891	-16.30781437
178.9011955	-18.56537953	86.892838	-16.21735213
178.7642402	-18.59697822	86.77216815	-16.12630564
178.6269864	-18.62802689	86.65232134	-16.03467795
178.4894334	-18.65851808	86.53331938	-15.94247308
178.3515805	-18.68844468	86.41518394	-15.84969587
178.2134267	-18.71779998	86.29793658	-15.75635196
178.074971	-18.74657768	86.18159864	-15.66244767
177.9362148	-18.77477196	86.06618079	-15.56798987
177.7971656	-18.80237753	85.95166969	-15.47298591
177.6578321	-18.82938962	85.83804883	-15.3774435
177.5182228	-18.85580409	85.72530194	-15.28137061
177.3783468	-18.88161743	85.61341291	-15.18477538
177.2382132	-18.9068268	85.50236588	-15.08766605
177.0978314	-18.93143006	85.39214516	-14.9900509
176.9572108	-18.95542584	85.28273528	-14.89193815
176.8163612	-18.97881353	85.17412099	-14.79333598
176.6752926	-19.0015933	85.06628722	-14.69425241
176.534015	-19.02376619	84.95921914	-14.59469534
176.3925388	-19.04533406	84.85290212	-14.49467246
176.2508746	-19.06629966	84.74732173	-14.39419131
176.109033	-19.08666659	84.64246377	-14.29325921
175.9670251	-19.1064394	84.53831424	-14.1918833
175.8248619	-19.12562351	84.43485937	-14.09007055
175.6825547	-19.14422529	84.33208559	-13.98782776
175.5401153	-19.16225201	84.22997954	-13.88516161
175.3975552	-19.17971188	84.12852809	-13.78207869
175.2548864	-19.19661403	84.02771831	-13.67858553
175.1121211	-19.21296849	83.92753749	-13.57468869
174.9692716	-19.22878621	83.82797313	-13.47039477
174.8263503	-19.24407903	83.72901378	-13.36571053
174.6833674	-19.25885965	83.63066218	-13.26064291
174.540331	-19.27314163	83.53293291	-13.15519915
174.3972492	-19.28693936	83.43584092	-13.04938685
174.2541301	-19.30026801	83.3394012	-12.94321404
174.1109819	-19.31314353	83.24362874	-12.83668924
173.9678126	-19.32558262	83.14853858	-12.72982151
173.8246304	-19.33760266	83.05414576	-12.62262054
173.6814435	-19.34922172	82.96046535	-12.51509665
173.53826	-19.36045848	82.86751246	-12.40726085
173.3950882	-19.37133224	82.77530219	-12.29912487
173.2519362	-19.38186281	82.68384968	-12.19070119
173.1088122	-19.39207053	82.59317009	-12.08200306
172.9657245	-19.40197616	82.50327857	-11.97304453
172.8226812	-19.41160088	82.41419033	-11.86384041
172.6796906	-19.4209662	82.32592056	-11.75440633
172.536761	-19.43009394	82.23848448	-11.64475871
172.3939005	-19.43900612	82.15189733	-11.53491472
172.2511174	-19.44772492	82.06617436	-11.42489233
172.1084199	-19.45627263	81.98133084	-11.31471021
171.9658163	-19.46467156	81.89738202	-11.20438777
171.8233149	-19.47294396	81.81434321	-11.09394506
171.6809239	-19.48111195	81.7322297	-10.98340275
171.53865	-19.48919745	81.65105548	-10.8727821
171.3964894	-19.4972221	81.57082516	-10.76210487
171.2544331	-19.50520713	81.49153901	-10.65139326
171.1124722	-19.51317335	81.41319702	-10.54066988
170.9705973	-19.52114099	81.33579898	-10.42995764
170.8287992	-19.52912973	81.25934439	-10.3192797
170.6870682	-19.53715853	81.18383255	-10.20865945
170.5453946	-19.54524563	81.10926247	-10.09812037
170.4037683	-19.55340847	81.03563293	-9.987686037
170.2621793	-19.56166364	80.96294247	-9.87738001
170.1206172	-19.57002685	80.89118935	-9.767225801
169.9790715	-19.57851282	80.82037158	-9.6572468
169.8375317	-19.58713533	80.75048693	-9.547466212
169.6959867	-19.59590711	80.68153288	-9.437906998
169.5544256	-19.60483986	80.61350667	-9.328591812
169.4128372	-19.61394419	80.54640526	-9.219542941
169.2712101	-19.62322961	80.48022534	-9.110782247
169.1295327	-19.63270452	80.41496333	-9.002331102
168.9877933	-19.64237619	80.35061539	-8.894210334
168.84598	-19.65225076	80.28717736	-8.786440169
168.7040806	-19.66233324	80.22464484	-8.679040169
168.5620829	-19.6726275	80.16301312	-8.572029178
168.4199745	-19.6831363	80.1022772	-8.465425269
168.277744	-19.69386126	80.04243005	-8.359245682
168.1353849	-19.70480297	79.98345847	-8.25350678
167.9928918	-19.71596089	79.92534811	-8.148223992
167.8502594	-19.72733348	79.86808488	-8.043411771
167.7074827	-19.73891817	79.81165489	-7.939083555
167.5645568	-19.7507114	79.7560445	-7.835251733
167.4214772	-19.76270866	79.7012403	-7.731927611
167.2782392	-19.7749045	79.64722915	-7.629121393
167.1348387	-19.78729261	79.59399812	-7.526842159
166.9912715	-19.79986578	79.54153453	-7.425097846
166.8475338	-19.812616	79.48982596	-7.32389524
166.7036219	-19.82553448	79.43886026	-7.223239972
166.5595323	-19.83861165	79.38862549	-7.123136505
166.4152618	-19.85183728	79.33911002	-7.023588145
166.2708071	-19.86520043	79.29030244	-6.924597041
166.1261655	-19.87868955	79.24219163	-6.826164191
165.9813342	-19.89229251	79.19476673	-6.728289459
165.8363107	-19.90599664	79.14801715	-6.630971586
165.6910927	-19.91978875	79.10193258	-6.534208207
165.5456782	-19.93365523	79.05650297	-6.437995878
165.4000652	-19.94758204	79.01171858	-6.342330095
165.2542521	-19.9615548	78.96756991	-6.247205321
165.1082376	-19.9755588	78.92404793	-6.15261502
164.9620263	-19.98957906	78.88114851	-6.058551685
164.8156303	-20.00360041	78.83887333	-5.965006873
164.6690618	-20.01760748	78.79722434	-5.871971236
164.5223327	-20.03158477	78.75620341	-5.779434554
164.375455	-20.04551664	78.7158123	-5.687385756
164.2284404	-20.05938742	78.67605271	-5.595812949
164.0813006	-20.07318134	78.63692626	-5.50470344
163.934047	-20.08688257	78.59843448	-5.41404375
163.7866909	-20.10047528	78.5605788	-5.323819636
163.6392433	-20.11394356	78.52336059	-5.234016105
163.4917153	-20.12727148	78.48678111	-5.144617421
163.3441177	-20.14044307	78.45084158	-5.055607124
163.1964611	-20.15344229	78.41554308	-4.966968028
163.048756	-20.16625304	78.38088666	-4.878682237
162.9010127	-20.17885912	78.34687325	-4.790731139
162.7532413	-20.19124422	78.31350372	-4.703095419
162.6054519	-20.20339188	78.28077886	-4.615755052
162.4576543	-20.21528547	78.24869936	-4.528689306
162.309858	-20.22690812	78.21726584	-4.441876739
162.1620727	-20.23824275	78.18647884	-4.355295197
162.0143075	-20.24927193	78.15633883	-4.268921808
161.8665717	-20.25997791	78.12684619	-4.182732975
161.7188735	-20.27034255	78.09800113	-4.096704375
161.571212	-20.28034723	78.06980255	-4.010810946
161.4235802	-20.28997284	78.04224834	-3.925026881
161.2759708	-20.29919972	78.01533616	-3.839325624
161.1283761	-20.30800759	77.98906338	-3.753679858
160.9807882	-20.31637552	77.96342715	-3.668061503
160.833199	-20.32428192	77.93842437	-3.582441712
160.6855999	-20.33170445	77.91405166	-3.496790862
160.5379822	-20.33862007	77.89030543	-3.411078561
160.3903369	-20.34500495	77.86718182	-3.325273641
160.2426548	-20.3508345	77.84467671	-3.239344163
160.0949261	-20.35608336	77.82278575	-3.153257422
159.947141	-20.36072537	77.80150432	-3.066979952
159.7992895	-20.36473361	77.78082756	-2.980477536
159.6513611	-20.3680804	77.76075034	-2.893715221
159.503345	-20.37073731	77.7412673	-2.806657332
159.3552303	-20.3726752	77.72237281	-2.719267489
159.2070057	-20.37386428	77.70406097	-2.631508634
159.0586597	-20.37427408	77.68632564	-2.543343057
158.9101804	-20.37387358	77.66916042	-2.454732426
158.7615557	-20.37263125	77.65255863	-2.365637821
158.6127731	-20.37051509	77.63651335	-2.276019781
158.46382	-20.36749272	77.62101737	-2.185838341
158.314686	-20.36353149	77.60606411	-2.095053089
158.1653755	-20.35859855	77.59165141	-2.00362322
158.0158972	-20.35266097	77.57777803	-1.911507594
157.866259	-20.34568581	77.56444204	-1.818664803
157.7164684	-20.33764026	77.5516408	-1.725053234
157.566532	-20.32849171	77.53937093	-1.630631144
157.416456	-20.31820786	77.52762835	-1.53535673
157.2662457	-20.30675683	77.51640824	-1.43918821
157.1159057	-20.29410726	77.50570507	-1.342083909
156.9654403	-20.28022839	77.49551256	-1.244002348
156.8148526	-20.26509021	77.48582372	-1.144902338
156.6641456	-20.24866354	77.4766308	-1.044743087
156.5133211	-20.23092015	77.46792534	-0.943484308
156.3623804	-20.21183287	77.4596981	-0.841086339
156.2113244	-20.19137572	77.45193914	-0.737510263
156.0601529	-20.16952404	77.44463773	-0.632718052
155.9088652	-20.14625458	77.43778241	-0.526672705
155.7574599	-20.1215457	77.43136096	-0.4193384
155.6059349	-20.09537743	77.42536039	-0.310680665
155.4542873	-20.06773169	77.41976694	-0.200666546
155.3025137	-20.03859239	77.4145661	-0.089264796
155.1506097	-20.00794562	77.40974256	0.023553929
154.9985705	-19.97577979	77.40528032	0.137816858
154.8463935	-19.94208582	77.40117087	0.253548889
154.6940825	-19.90685732	77.39742107	0.370772347
154.5416434	-19.87009077	77.39404101	0.489506756
154.3890837	-19.8317857	77.39104248	0.609768593
154.236413	-19.79194492	77.38843906	0.73157105
154.0836422	-19.75057465	77.38624603	0.854923793
153.9307841	-19.70768477	77.38448046	0.979832729
153.7778533	-19.66328896	77.38316121	1.106299765
153.6248661	-19.61740495	77.38230891	1.234322577
153.4718406	-19.57005465	77.38194601	1.363894387
153.3187967	-19.5212644	77.38209676	1.495003731
153.1657561	-19.47106507	77.38278723	1.62763425
153.0127423	-19.41949232	77.38404536	1.761764474
152.8597805	-19.36658672	77.38590088	1.89736762
152.706898	-19.31239392	77.38838542	2.034411398
152.5541237	-19.25696482	77.39153243	2.172857827
152.4014884	-19.20035573	77.39537724	2.31266306
152.2490247	-19.14262846	77.39995704	2.45377722
152.0967671	-19.08385048	77.40531088	2.596144254
151.9447519	-19.02409503	77.41147967	2.739701795
151.7930174	-18.96344123	77.4185062	2.884381038
151.6416034	-18.90197414	77.42643508	3.030106642
151.4905533	-18.83978483	77.43531429	3.176796637
151.3399446	-18.77697048	77.4452262	3.324362356
151.1898874	-18.71363432	77.45628616	3.4727084
151.0404946	-18.64988571	77.4686123	3.621732642
150.8918804	-18.58583997	77.48232429	3.771326285
150.7441606	-18.52161834	77.49754323	3.921373972
150.5974521	-18.45734774	77.51439164	4.071753959
150.451873	-18.3931606	77.53299335	4.22233834
150.3075427	-18.3291945	77.55347352	4.372993331
150.1645817	-18.26559187	77.57595847	4.523579618
150.0231115	-18.20249958	77.6005757	4.673952759
149.8832547	-18.14006842	77.62745375	4.823963651
149.7451346	-18.07845267	77.65672217	4.973459063
149.6088754	-18.01780942	77.68851138	5.122282226
149.474602	-17.95829795	77.72295262	5.270273495
149.3424399	-17.90007904	77.76017784	5.417271071
149.2125151	-17.84331413	77.8003196	5.563111791
149.0849541	-17.78816453	77.84351097	5.707631988
148.9598835	-17.73479049	77.88988543	5.850668421
148.8374303	-17.68335019	77.93957675	5.992059264
148.7177216	-17.63399873	77.99271885	6.13164518
148.6008842	-17.58688701	78.04944575	6.269270451
148.487045	-17.54216051	78.10989136	6.404784194
148.3763018	-17.4999581	78.1741599	6.53804163
148.2685057	-17.46041065	78.24210136	6.668905429
148.16338	-17.42363982	78.3134344	6.797247028
148.0606447	-17.38975677	78.38787423	6.922947876
147.9600178	-17.35886111	78.46513389	7.045900551
147.8612148	-17.33103991	78.54492449	7.166009747
147.76395	-17.30636688	78.62695542	7.283193137
147.6679358	-17.28490162	78.71093457	7.397382098
147.5728833	-17.26668907	78.79656848	7.508522312
147.4785024	-17.25175901	78.88356251	7.616574229
147.3845018	-17.24012578	78.97162094	7.721513407
147.2905895	-17.23178802	79.06044713	7.823330711
147.1964723	-17.22672864	79.14974355	7.922032388
147.1018561	-17.22491487	79.23921185	8.017639998
147.0064462	-17.22629844	79.32855292	8.110190228
146.909947	-17.2308159	79.4174669	8.199734553
146.8120621	-17.23838907	79.50565319	8.286338782
146.7124942	-17.24892564	79.59281037	8.370082452
146.6109454	-17.26231987	79.67863623	8.451058098
146.5071165	-17.27845345	79.76282765	8.529370386
146.4007075	-17.29719647	79.84508055	8.605135099
146.2914173	-17.31840856	79.92508977	8.678478001
146.1789436	-17.34194013	80.00254911	8.74953355
146.0630977	-17.36763377	80.07726949	8.81844348
145.9440036	-17.39532573	80.14938335	8.885355288
145.821837	-17.42484742	80.21907653	8.950420708
145.6967726	-17.45602686	80.28653379	9.013794253
145.5689842	-17.48868997	80.35193883	9.075631864
145.4386446	-17.52266189	80.4154743	9.136089637
145.3059258	-17.55776809	80.47732182	9.195322658
145.1709985	-17.59383546	80.53766202	9.253483925
145.034033	-17.6306933	80.59667453	9.310723364
144.8951985	-17.66817422	80.65453804	9.367186933
144.7546632	-17.70611495	80.71143027	9.423015819
144.6125948	-17.74435707	80.76752804	9.478345727
144.4691599	-17.78274769	80.82300728	9.533306248
144.3245247	-17.82113997	80.87804302	9.588020323
144.1788544	-17.85939362	80.93280949	9.642603793
144.0323134	-17.89737532	80.98748006	9.697165023
143.8850657	-17.93495906	81.04222735	9.751804631
143.7372746	-17.97202632	81.0972232	9.806615278
143.5891026	-18.00846633	81.15263875	9.861681561
143.4407119	-18.04417608	81.20864442	9.917079974
143.292264	-18.07906039	81.26541002	9.972878963
143.1439199	-18.11303184	81.32310472	10.02913905
142.995839	-18.1460106	81.38189555	10.08591304
142.848114	-18.17792427	81.44187348	10.14324633
142.7007444	-18.20870761	81.5030234	10.20117723
142.553724	-18.23830222	81.56532333	10.25973731
142.4070473	-18.2666563	81.62875249	10.31895183
142.2607097	-18.29372438	81.6932913	10.37883999
142.1147078	-18.31946702	81.75892138	10.43941532
141.9690389	-18.34385056	81.82562556	10.50068599
141.8237013	-18.36684691	81.89338786	10.56265511
141.6786943	-18.38843324	81.96219351	10.62532104
141.534018	-18.40859176	82.03202893	10.68867767
141.3896735	-18.42730951	82.10288176	10.75271471
141.2456628	-18.4445781	82.17474083	10.81741793
141.1019889	-18.46039348	82.24759618	10.88276948
140.9586555	-18.47475572	82.32143907	10.94874808
140.8156675	-18.48766882	82.39626194	11.01532933
140.6730305	-18.49914044	82.47205847	11.08248589
140.5307511	-18.50918173	82.54882355	11.15018778
140.3888368	-18.51780708	82.62655326	11.21840255
140.2472958	-18.52503394	82.70524492	11.28709557
140.1061377	-18.53088261	82.78489706	11.35623019
139.9653724	-18.535376	82.86550944	11.42576803
139.8250112	-18.53853946	82.94708301	11.49566914
139.6850653	-18.54040053	83.02961912	11.56589223
139.5455362	-18.54098877	83.11310786	11.63639495
139.406418	-18.54033554	83.19753054	11.70713399
139.2677048	-18.53847376	83.28286854	11.7780654
139.1293911	-18.5354378	83.36910354	11.8491447
138.9914716	-18.53126319	83.4562175	11.92032713
138.8539412	-18.52598651	83.5441927	11.99156778
138.7167951	-18.5196452	83.6330117	12.0628218
138.5800291	-18.51227737	83.72265738	12.13404451
138.4436387	-18.50392166	83.8131129	12.2051916
138.3076203	-18.49461707	83.90436175	12.27621926
138.17197	-18.4844028	83.99638769	12.34708429
138.0366846	-18.47331815	84.08917481	12.41774425
137.901761	-18.46140232	84.18270751	12.48815759
137.7671964	-18.44869431	84.27697049	12.55828374
137.6329882	-18.43523276	84.37194876	12.62808324
137.4991342	-18.42105585	84.46762764	12.69751782
137.3656324	-18.40620118	84.56399277	12.7665505
137.2324811	-18.3907056	84.66103011	12.83514571
137.0996789	-18.37460516	84.75872593	12.90326931
136.9672246	-18.35793493	84.85706682	12.97088873
136.8351172	-18.34072894	84.95603968	13.03797302
136.7033562	-18.32302005	85.05563175	13.10449291
136.5719381	-18.30483983	85.15582953	13.1704209
136.440846	-18.28621848	85.25661514	13.23573127
136.3100595	-18.26718473	85.35796911	13.30040021
136.1795581	-18.24776573	85.45987145	13.36440579
136.0493208	-18.22798701	85.56230168	13.42772805
135.9193266	-18.20787238	85.66523881	13.49034904
135.7895542	-18.18744392	85.76866136	13.5522528
135.6599823	-18.16672188	85.87254736	13.6134254
135.5305892	-18.14572472	85.97687433	13.67385497
135.4013531	-18.12446902	86.08161929	13.73353168
135.272252	-18.10296954	86.18675878	13.79244773
135.1432637	-18.08123918	86.29226886	13.85059735
135.0143658	-18.05928901	86.39812507	13.90797676
134.8855357	-18.0371283	86.50430247	13.96458416
134.7567507	-18.01476456	86.61077566	14.02041965
134.6279879	-17.9922036	86.71751872	14.07548523
134.4992241	-17.96944956	86.82450525	14.12978469
134.3704362	-17.94650502	86.93170837	14.18332355
134.2416005	-17.92337109	87.03910072	14.23610901
134.1126936	-17.90004746	87.14665445	14.28814981
133.9836915	-17.87653257	87.25434124	14.33945618
133.8545703	-17.85282371	87.36213227	14.39003967
133.7253059	-17.82891714	87.46999832	14.43991307
133.5958889	-17.80480827	87.5779218	14.48909024
133.4663408	-17.78049176	87.68591043	14.53758601
133.3366871	-17.75596176	87.79397559	14.58541598
133.2069537	-17.73121195	87.90212923	14.63259644
133.0771665	-17.70623577	88.01038381	14.67914418
132.9473518	-17.68102647	88.11875233	14.72507643
132.8175357	-17.65557723	88.22724833	14.77041069
132.687745	-17.62988132	88.33588593	14.81516467
132.5580062	-17.60393208	88.44467973	14.85935617
132.4283463	-17.57772307	88.55364494	14.90300299
132.2987924	-17.55124812	88.66279727	14.94612288
132.1693718	-17.52450135	88.772153	14.98873342
132.0401118	-17.49747722	88.88172895	15.03085204
131.9110402	-17.47017057	88.9915425	15.07249588
131.7821846	-17.44257661	89.10161156	15.11368183
131.6535731	-17.41469093	89.2119546	15.15442644
131.5252338	-17.38650947	89.32259064	15.19474595
131.397195	-17.35802853	89.43353924	15.23465625
131.2694851	-17.32924469	89.5448205	15.27417291
131.1421328	-17.30015478	89.65645508	15.31331116
131.0151668	-17.27075584	89.76846417	15.35208596
130.8886161	-17.24104497	89.88086951	15.39051198
130.7625089	-17.21101932	89.99369282	15.42860372
130.6368519	-17.18067596	90.10694059	15.4663755
130.5116277	-17.15001174	90.22060198	15.50384158
130.3868175	-17.11902324	90.33466493	15.5410162
130.2624026	-17.08770663	90.44911705	15.57791365
130.1383641	-17.05605761	90.56394567	15.61454832
130.0146831	-17.02407131	90.67913775	15.6509348
129.8913408	-16.99174227	90.79467997	15.68708785
129.768318	-16.95906432	90.9105587	15.72302252
129.6455959	-16.9260306	91.02675997	15.75875414
129.5231552	-16.89263347	91.14326953	15.79429837
129.4009768	-16.85886454	91.2600728	15.82967123
129.2790417	-16.8247146	91.3771549	15.86488911
129.1573306	-16.79017367	91.49450064	15.89996877
129.0358242	-16.75523099	91.61209454	15.93492738
128.9145033	-16.719875	91.7299208	15.96978249
128.7933485	-16.68409345	91.84796332	16.00455204
128.6723405	-16.64787336	91.9662057	16.03925434
128.55146	-16.61120112	92.08463125	16.07390804
128.4306876	-16.57406253	92.20322298	16.10853209
128.3100037	-16.53644291	92.32196359	16.14314575
128.1893891	-16.49832711	92.44083549	16.17776847
128.0688241	-16.45969969	92.55982081	16.21241991
127.9482928	-16.42054498	92.67890328	16.24711981
127.8278024	-16.38084718	92.79807897	16.28188796
127.7073694	-16.34059054	92.91734922	16.31674411
127.5870105	-16.29975942	93.03671575	16.35170791
127.4667429	-16.25833842	93.15618061	16.38679878
127.3465836	-16.21631251	93.27574617	16.42203591
127.2265501	-16.17366707	93.39541517	16.45743812
127.1066599	-16.13038806	93.51519068	16.4930238
126.9869308	-16.08646203	93.63507611	16.52881086
126.8673807	-16.04187626	93.75507523	16.56481663
126.7480278	-15.99661879	93.87519213	16.60105779
126.6288904	-15.95067852	93.99543126	16.63755031
126.509987	-15.90404525	94.11579742	16.67430936
126.3913362	-15.85670976	94.23629574	16.71134927
126.2729569	-15.80866381	94.3569317	16.74868344
126.1548682	-15.75990023	94.47771112	16.78632426
126.0370891	-15.71041294	94.59864015	16.82428309
125.919639	-15.66019695	94.71972531	16.86257017
125.8025374	-15.60924844	94.84097343	16.90119453
125.685804	-15.5575647	94.96239168	16.94016399
125.5694586	-15.50514422	95.08398758	16.97948507
125.453521	-15.4519866	95.20576897	17.01916293
125.3380115	-15.39809263	95.32774402	17.05920135
125.2229472	-15.34346422	95.44992365	17.09960264
125.1083353	-15.28810439	95.5723266	17.14036761
124.994181	-15.23201728	95.69497283	17.18149556
124.8804891	-15.17520807	95.81788197	17.2229842
124.7672641	-15.11768302	95.94107329	17.26482966
124.6545102	-15.0594494	96.06456572	17.30702647
124.5422313	-15.00051547	96.18837789	17.34956752
124.4304311	-14.94089049	96.31252802	17.39244412
124.3191128	-14.88058467	96.43703405	17.43564596
124.2082796	-14.81960915	96.56191354	17.47916113
124.0979341	-14.75797602	96.68718374	17.52297617
123.9880789	-14.69569822	96.81286153	17.56707608
123.8787162	-14.63278961	96.93896348	17.61144435
123.7698478	-14.5692649	97.0655058	17.65606304
123.6614755	-14.50513965	97.19250437	17.70091278
123.5536006	-14.44043026	97.31997474	17.74597288
123.4462241	-14.37515395	97.44793211	17.79122136
123.339347	-14.30932874	97.57639138	17.83663503
123.2329698	-14.24297347	97.70536706	17.88218959
123.1270929	-14.17610776	97.83487339	17.92785968
123.0217162	-14.10875202	97.96492422	17.97361899
122.9168397	-14.04092745	98.09553311	18.01944038
122.8124629	-13.97265603	98.22671314	18.06529594
122.7085884	-13.9039605	98.35846729	18.11115713
122.6052244	-13.83486439	98.49078265	18.15699488
122.5023793	-13.76539202	98.62364498	18.20277972
122.400062	-13.69556846	98.75704021	18.24848186
122.2982813	-13.62541955	98.89095447	18.2940713
122.197046	-13.5549719	99.02537402	18.33951794
122.0963653	-13.48425286	99.16028534	18.38479164
121.9962482	-13.4132905	99.29567504	18.42986231
121.8967041	-13.34211359	99.43152996	18.47469997
121.7977421	-13.27075161	99.56783708	18.51927487
121.6993719	-13.19923467	99.70458359	18.56355748
121.6016028	-13.12759354	99.84175686	18.60751859
121.5044445	-13.05585955	99.97934444	18.65112937
121.4079067	-12.98406461	100.1173341	18.69436139
121.3119993	-12.91224111	100.2557137	18.73718668
121.216732	-12.84042194	100.3944715	18.77957777
121.1221149	-12.76864038	100.5335958	18.8215077
121.0281581	-12.69693005	100.673075	18.86295009
120.9348716	-12.62532488	100.812898	18.90387912
120.8422657	-12.55385903	100.9530536	18.94426959
120.7503507	-12.48256678	101.0935309	18.98409693
120.659137	-12.41148251	101.2343193	19.02333719
120.5686337	-12.34064057	101.3754087	19.06196709
120.4788377	-12.27007523	101.5167923	19.09996398
120.3897382	-12.19982055	101.6584654	19.13730592
120.3013241	-12.12991031	101.8004231	19.1739716
120.2135842	-12.06037794	101.9426603	19.20994042
120.1265076	-11.99125641	102.0851715	19.24519245
120.040083	-11.92257817	102.2279511	19.27970844
119.9542991	-11.85437508	102.3709933	19.31346987
119.8691447	-11.78667833	102.514292	19.34645891
119.7846084	-11.71951837	102.657841	19.37865842
119.7006789	-11.65292489	102.8016338	19.41005199
119.6173445	-11.58692669	102.9456636	19.44062395
119.534594	-11.52155169	103.0899236	19.47035931
119.4524157	-11.45682685	103.2344066	19.49924386
119.3707981	-11.39277813	103.3791052	19.52726408
119.2897294	-11.32943044	103.524012	19.55440722
119.2091982	-11.26680759	103.6691191	19.58066124
119.1291926	-11.20493228	103.8144186	19.60601487
119.049701	-11.14382605	103.9599023	19.63045757
118.9707114	-11.08350923	104.1055619	19.65397955
118.8922122	-11.02400094	104.2513887	19.67657177
118.8141915	-10.96531905	104.3973741	19.69822591
118.7366374	-10.90748016	104.5435089	19.71893443
118.6595394	-10.85049957	104.6897863	19.73869051
118.5828945	-10.79439128	104.8362102	19.75748808
118.5067017	-10.73916796	104.9827881	19.7753218
118.4309599	-10.68484093	105.1295273	19.79218708
118.355668	-10.63142014	105.2764352	19.80808009
118.2808246	-10.57891413	105.4235193	19.82299777
118.2064284	-10.52733005	105.5707872	19.83693788
118.1324777	-10.47667357	105.7182462	19.84989902
118.0589711	-10.42694887	105.8659039	19.86188065
117.9859067	-10.37815863	106.0137679	19.87288319
117.9132826	-10.33030395	106.1618457	19.88290802
117.841097	-10.28338434	106.3101449	19.89195758
117.7693478	-10.23739767	106.4586732	19.90003542
117.6980328	-10.19234011	106.6074383	19.90714629
117.6271497	-10.14820611	106.7564478	19.91329623
117.5566963	-10.10498832	106.9057094	19.91849262
117.4866699	-10.06267755	107.0552309	19.92274435
117.4170682	-10.02126275	107.20502	19.92606184
117.3478885	-9.980730875	107.3550845	19.92845722
117.279128	-9.94106692	107.5054323	19.92994444
117.210784	-9.90225379	107.6560712	19.93053934
117.1428534	-9.864272273	107.8070092	19.93025988
117.0753334	-9.827100965	107.958254	19.9291262
117.0082137	-9.79071621	108.1098007	19.92716078
116.9414669	-9.755092037	108.261613	19.92438863
116.8750631	-9.720200099	108.4136497	19.9208374
116.8089724	-9.68600963	108.5658691	19.91653752
116.7431645	-9.652487408	108.7182296	19.91152231
116.6776096	-9.619597735	108.870689	19.90582804
116.6122773	-9.587302422	109.023205	19.89949409
116.5471377	-9.555560794	109.175735	19.89256291
116.4821605	-9.524329705	109.3282362	19.88508013
116.4173154	-9.49356356	109.4806654	19.87709454
116.3525723	-9.463214361	109.6329791	19.86865811
116.2879007	-9.433231756	109.7851337	19.85982599
116.2232702	-9.403563103	109.9370853	19.85065642
116.1586506	-9.374153556	110.0887896	19.84121074
116.0940111	-9.34494615	110.2402023	19.83155326
116.0293215	-9.315881915	110.3912784	19.8217512
115.9645509	-9.286899989	110.541973	19.81187454
115.8996688	-9.257937762	110.6922409	19.8019959
115.8346445	-9.228931019	110.8420364	19.79219038
115.7694471	-9.199814107	110.9913138	19.78253539
115.7040458	-9.170520113	111.140027	19.77311039
115.6384096	-9.140981062	111.2881297	19.76399674
115.5725091	-9.111128125	111.4355771	19.75527738
115.5063432	-9.080891844	111.582362	19.74703661
115.4399364	-9.050202364	111.7285105	19.73935975
115.3733141	-9.018989664	111.8740502	19.73233291
115.306502	-8.987183774	112.0190089	19.72604271
115.2395258	-8.954714987	112.1634148	19.72057595
115.1724114	-8.921514054	112.3072965	19.71601945
115.1051848	-8.887512379	112.4506827	19.71245975
115.0378724	-8.852642189	112.5936027	19.70998289
114.9705003	-8.816836711	112.7360858	19.7086742
114.9030952	-8.780030328	112.8781619	19.70861809
114.8356838	-8.742158726	113.019861	19.70989784
114.7682928	-8.703159038	113.1612135	19.7125954
114.7009493	-8.662969977	113.3022501	19.71679125
114.6336804	-8.621531952	113.443002	19.7225642
114.5665135	-8.578787185	113.5835004	19.72999121
114.4994761	-8.534679819	113.723777	19.73914729
114.4325958	-8.489156005	113.8638638	19.75010532
114.3659005	-8.442163999	114.0037931	19.76293594
114.2994181	-8.393654234	114.1435976	19.77770741
114.2331768	-8.343579394	114.2833102	19.79448549
114.167205	-8.291894477	114.4229642	19.81333337
114.1015311	-8.238556845	114.562593	19.83431154
114.0361833	-8.183526277	114.7022303	19.85747771
113.9711871	-8.126765001	114.8419078	19.88288675
113.9065665	-8.068237731	114.9816562	19.91059058
113.8423455	-8.007911689	115.1215062	19.94063816
113.7785483	-7.945756626	115.2614887	19.97307538
113.7151989	-7.881744839	115.4016343	20.00794505
113.6523216	-7.815851179	115.5419739	20.04528684
113.5899405	-7.748053055	115.6825382	20.08513723
113.5280799	-7.678330436	115.8233581	20.12752951
113.4667641	-7.606665845	115.9644642	20.17249372
113.4060174	-7.533044346	116.1058874	20.22005665
113.3458641	-7.457453535	116.2476586	20.27024184
113.2863286	-7.379883513	116.3898084	20.32306953
113.2274354	-7.300326866	116.5323678	20.3785567
113.1692088	-7.218778633	116.6753676	20.43671705
113.1116735	-7.135236276	116.8188385	20.49756102
113.0548539	-7.049699633	116.9628114	20.56109579
112.9987745	-6.962170885	117.1073172	20.62732531
112.94346	-6.872654495	117.2523866	20.69625034
112.8889351	-6.781157165	117.3980505	20.76786844
112.8352243	-6.687687772	117.5443397	20.84217404
112.7823524	-6.592257307	117.6912851	20.91915846
112.7303441	-6.494878806	117.8389175	20.99880998
112.6792208	-6.395567276	117.9872649	21.08111387
112.6289916	-6.29433962	118.136345	21.16605246
112.5796626	-6.191214559	118.286173	21.25360518
112.5312401	-6.086212556	118.436764	21.34374864
112.4837303	-5.979355748	118.5881332	21.43645666
112.4371394	-5.870667875	118.7402955	21.53170034
112.3914739	-5.760174218	118.8932662	21.62944812
112.34674	-5.647901538	119.04706	21.72966579
112.3029441	-5.533878021	119.2016921	21.83231658
112.2600928	-5.418133221	119.3571773	21.9373612
112.2181924	-5.300698009	119.5135305	22.04475786
112.1772494	-5.181604531	119.6707665	22.15446233
112.1372705	-5.060886155	119.8289	22.26642797
112.098262	-4.938577436	119.9879457	22.38060581
112.0602306	-4.81471407	120.1479183	22.49694455
112.0231828	-4.689332865	120.3088324	22.61539059
111.9871254	-4.562471697	120.4707025	22.73588813
111.9520649	-4.434169485	120.633543	22.85837914
111.9180079	-4.304466157	120.7973684	22.98280344
111.8849613	-4.173402622	120.9621929	23.10909873
111.8529315	-4.041020744	121.1280308	23.23720061
111.8219254	-3.907363316	121.2948964	23.36704265
111.7919497	-3.772474034	121.4628036	23.49855641
111.7630138	-3.636397481	121.6317698	23.63167147
111.7351301	-3.499179098	121.8018159	23.7663155
111.7083114	-3.360865162	121.9729632	23.90241428
111.6825705	-3.221502767	122.145233	24.03989176
111.6579198	-3.081139786	122.3186464	24.17867011
111.6343722	-2.939824852	122.4932245	24.31866979
111.6119401	-2.797607316	122.6689884	24.45980962
111.5906361	-2.654537221	122.8459593	24.60200682
111.5704728	-2.510665255	123.0241581	24.74517712
111.5514626	-2.366042718	123.2036058	24.88923484
111.5336181	-2.220721473	123.3843235	25.03409298
111.5169517	-2.074753899	123.5663322	25.17966329
111.5014759	-1.928192841	123.7496526	25.32585641
111.4872033	-1.781091553	123.9343059	25.47258199
111.4741463	-1.633503641	124.120313	25.61974878
111.4623174	-1.485483002	124.3076947	25.76726476
111.4517292	-1.337083749	124.496472	25.9150373
111.4423941	-1.188360149	124.6866659	26.06297331
111.4343247	-1.039366538	124.8782973	26.21097937
111.4275337	-0.890157244	125.0713871	26.3589619
111.4220336	-0.7407865	125.2659564	26.50682736
111.4178371	-0.59130835	125.4620261	26.65448242
111.4149557	-0.441776555	125.659615	26.80183414
111.4133841	-0.292244484	125.8587108	26.94879021
111.4131057	-0.14276502	126.0592801	27.09525913
111.4141036	0.006609546	126.2612887	27.24115041
111.4163608	0.155827603	126.4647026	27.38637478
111.4198603	0.304838305	126.6694876	27.53084433
111.4245853	0.453591643	126.8756095	27.67447268
111.4305189	0.602038518	127.0830338	27.81717511
111.4376439	0.750130796	127.2917261	27.95886874
111.4459436	0.897821369	127.5016521	28.09947257
111.4554008	1.045064197	127.7127769	28.23890762
111.4659984	1.191814346	127.9250661	28.37709703
111.4777194	1.338028027	128.1384847	28.51396612
111.4905466	1.48366262	128.3529979	28.64944247
111.5044628	1.628676692	128.5685706	28.78345594
111.5194508	1.773030017	128.7851678	28.91593875
111.5354931	1.916683575	129.0027543	29.04682549
111.5525724	2.059599565	129.2212947	29.17605311
111.5706711	2.201741392	129.4407535	29.30356099
111.5897717	2.34307366	129.6610952	29.42929087
111.6098566	2.483562159	129.8822841	29.55318688
111.6309079	2.623173839	130.1042845	29.67519547
111.6529079	2.761876787	130.3270602	29.79526542
111.6758402	2.899640193	130.5505776	29.91334773
111.6996983	3.036434314	130.7748163	30.02939563
111.724479	3.172230434	130.9997605	30.14336447
111.7501792	3.307000825	131.2253946	30.25521164
111.7767958	3.440718713	131.451703	30.36489656
111.8043253	3.573358242	131.67867	30.47238057
111.8327647	3.704894441	131.90628	30.57762687
111.8621103	3.835303196	132.1345174	30.68060045
111.892359	3.964561222	132.3633665	30.78126804
111.9235072	4.092646034	132.5928118	30.87959804
111.9555514	4.219535932	132.8228376	30.97556043
111.988488	4.345209973	133.0534284	31.06912674
112.0223134	4.469647956	133.2845685	31.16026996
112.057024	4.59283041	133.5162423	31.2489645
112.092616	4.714738574	133.7484344	31.3351861
112.1290856	4.835354394	133.9811291	31.41891181
112.1664291	4.954660513	134.2143108	31.50011989
112.2046424	5.072640268	134.4479642	31.57878976
112.2437217	5.189277683	134.6820736	31.65490198
112.2836629	5.304557478	134.9166235	31.72843815
112.324462	5.418465066	135.1515984	31.79938087
112.3661148	5.530986567	135.3869829	31.8677137
112.4086171	5.642108809	135.6227614	31.93342111
112.4519622	5.751819349	135.8589205	31.99648841
112.4961383	5.86010648	136.0954503	32.05690173
112.5411331	5.966959252	136.332341	32.11464796
112.5869343	6.072367486	136.5695829	32.16971471
112.6335293	6.176321785	136.8071659	32.22209031
112.6809057	6.278813547	137.0450798	32.27176375
112.729051	6.379834981	137.2833141	32.31872465
112.7779524	6.479379114	137.5218583	32.36296327
112.8275974	6.577439805	137.7607015	32.40447048
112.8779732	6.67401175	137.9998328	32.44323775
112.9290671	6.769090495	138.2392411	32.47925715
112.9808661	6.862672441	138.4789149	32.51252134
113.0333574	6.95475485	138.7188428	32.54302358
113.0865281	7.045335855	138.959013	32.57075775
113.1403651	7.134414462	139.1994136	32.59571833
113.1948554	7.221990551	139.4400327	32.61790044
113.2499859	7.308064887	139.680858	32.63729987
113.3057434	7.392639114	139.9218769	32.65391306
113.3621148	7.475715761	140.1630771	32.66773718
113.4190867	7.557298238	140.4044456	32.67877013
113.4766458	7.637390841	140.6459696	32.68701059
113.534779	7.715998741	140.8876359	32.69245803
113.5934726	7.793127991	141.129431	32.69511281
113.652714	7.86878551	141.3713361	32.69497617
113.7124908	7.942979088	141.6133267	32.6920503
113.7727908	8.015717372	141.8553781	32.6863384
113.8336016	8.087009862	142.0974652	32.6778447
113.8949109	8.156866902	142.3395631	32.66657451
113.9567067	8.225299672	142.5816467	32.6525343
114.0189764	8.292320176	142.8236909	32.63573168
114.0817079	8.357941235	143.0656702	32.61617547
114.144889	8.422176472	143.3075593	32.59387573
114.2085073	8.485040301	143.5493328	32.5688438
114.2725506	8.546547914	143.7909651	32.54109231
114.3370068	8.606715265	144.0324304	32.51063521
114.4018636	8.665559056	144.2737032	32.47748782
114.4671087	8.723096718	144.5147576	32.44166682
114.5327301	8.779346395	144.7555678	32.40319028
114.5987155	8.834326924	144.9961078	32.36207768
114.6650529	8.888057813	145.2363516	32.31834992
114.73173	8.940559221	145.4762733	32.27202932
114.7987348	8.991851934	145.7158466	32.22313963
114.8660553	9.041957339	145.9550455	32.17170605
114.9336794	9.0908974	146.1938436	32.1177552
115.001595	9.138694626	146.4322149	32.06131512
115.0697906	9.185372044	146.6701331	32.0024153
115.1382573	9.230953169	146.9075732	31.94108661
115.2069879	9.275461966	147.1445109	31.87736132
115.2759754	9.318922825	147.3809217	31.81127307
115.3452128	9.361360522	147.6167814	31.74285684
115.4146931	9.402800195	147.8520657	31.67214896
115.4844092	9.443267303	148.0867501	31.59918702
115.5543544	9.482787604	148.3208106	31.52400989
115.6245218	9.521387116	148.5542228	31.44665766
115.6949047	9.559092092	148.7869625	31.36717159
115.7654962	9.595928986	149.0190055	31.28559408
115.8362899	9.631924419	149.2503278	31.20196864
115.9072789	9.667105153	149.480905	31.11633977
115.9784569	9.701498056	149.7107133	31.02875298
116.0498173	9.735130071	149.9397286	30.93925469
116.1213537	9.768028183	150.1679268	30.84789215
116.1930598	9.800219387	150.3952841	30.75471339
116.2649292	9.831730653	150.6217765	30.65976716
116.3369556	9.862588896	150.8473803	30.5631028
116.409133	9.892820937	151.0720715	30.46477018
116.4814552	9.922453473	151.2958265	30.36481961
116.553916	9.951513035	151.5186217	30.26330175
116.6265097	9.980025957	151.7404333	30.16026747
116.6992326	10.00801833	151.9612447	30.05576778
116.7720882	10.03551599	152.1810597	29.94985369
116.8450815	10.06254443	152.3998855	29.84257613
116.9182171	10.08912884	152.6177293	29.7339858
116.9914997	10.115294	152.8345985	29.6241331
117.0649339	10.14106433	153.0505	29.51306806
117.1385243	10.16646381	153.2654412	29.40084022
117.2122754	10.19151599	153.479429	29.28749859
117.2861916	10.21624399	153.6924704	29.17309157
117.3602772	10.24067046	153.9045726	29.0576669
117.4345367	10.26481759	154.1157423	28.9412716
117.5089743	10.2887071	154.3259865	28.82395193
117.5835942	10.31236024	154.535312	28.70575336
117.6584004	10.33579781	154.7437256	28.58672055
117.7333972	10.35904014	154.951234	28.4668973
117.8085884	10.3821071	155.1578439	28.34632653
117.8839781	10.40501813	155.3635618	28.22505033
117.9595701	10.42779223	155.5683943	28.10310986
118.0353683	10.45044801	155.7723479	27.98054544
118.1113763	10.47300366	155.975429	27.85739649
118.187598	10.49547701	156.1776441	27.73370159
118.2640369	10.51788553	156.3789992	27.60949845
118.3406965	10.54024637	156.5795007	27.48482399
118.4175765	10.56257638	156.7791499	27.35971429
118.4946706	10.58489211	156.9779413	27.2342047
118.5719725	10.60720991	157.1758688	27.10832982
118.6494758	10.62954586	157.3729265	26.98212352
118.7271744	10.65191585	157.5691087	26.85561903
118.8050623	10.67433558	157.7644097	26.72884888
118.8831335	10.69682058	157.958824	26.60184499
118.9613823	10.71938621	158.1523462	26.47463869
119.0398031	10.74204767	158.3449709	26.34726068
119.1183905	10.76482001	158.5366931	26.21974113
119.1971391	10.78771812	158.7275077	26.09210963
119.2760438	10.81075675	158.9174099	25.96439524
119.3550995	10.83395049	159.1063948	25.83662649
119.4343013	10.85731375	159.2944577	25.70883142
119.5136445	10.88086079	159.4815943	25.58103752
119.5931245	10.90460565	159.6678001	25.45327183
119.6727369	10.92856219	159.8530708	25.32556085
119.7524773	10.95274404	160.0374024	25.19793061
119.8323416	10.97716456	160.2207907	25.07040666
119.9123258	11.00183688	160.403232	24.94301402
119.9924261	11.02677379	160.5847226	24.81577724
120.0726386	11.05198778	160.7652587	24.68872034
120.1529602	11.07749096	160.9448372	24.56186685
120.2333936	11.10329504	161.1234581	24.43523975
120.3139461	11.12941131	161.3011242	24.30886148
120.394625	11.15585057	161.4778383	24.18275396
120.4754379	11.18262312	161.6536033	24.0569385
120.5563922	11.20973874	161.8284221	23.93143585
120.6374953	11.23720663	162.0022975	23.80626619
120.7187546	11.2650354	162.1752323	23.68144906
120.8001776	11.29323305	162.3472295	23.55700341
120.8817718	11.32180695	162.5182919	23.43294757
120.9635444	11.3507638	162.6884225	23.30929921
121.0455031	11.38010964	162.8576241	23.18607539
121.1276553	11.40984983	163.0258996	23.06329248
121.2100083	11.43998902	163.193252	22.94096619
121.2925696	11.47053114	163.3596842	22.81911156
121.3753468	11.50147944	163.5251992	22.69774292
121.4583471	11.53283642	163.6897997	22.57687391
121.5415782	11.56460385	163.8534889	22.45651744
121.6250474	11.59678279	164.0162696	22.33668571
121.7087621	11.62937356	164.1781447	22.21739015
121.7927299	11.66237576	164.3391173	22.09864146
121.8769582	11.69578827	164.4991903	21.98044955
121.9614545	11.72960927	164.6583667	21.86282356
122.0462254	11.76383622	164.8166499	21.74577183
122.1312741	11.79846589	164.9740454	21.62930188
122.2166029	11.83349437	165.1305594	21.51342039
122.302214	11.8689171	165.2861982	21.39813321
122.3881096	11.90472884	165.4409678	21.28344534
122.4742919	11.94092371	165.5948743	21.16936089
122.5607632	11.97749521	165.7479241	21.0558831
122.6475255	12.01443621	165.9001231	20.9430143
122.7345813	12.05173896	166.0514777	20.83075594
122.8219326	12.08939511	166.2019938	20.71910854
122.9095818	12.12739572	166.3516778	20.6080717
122.9975309	12.16573128	166.5005357	20.49764409
123.0857823	12.20439169	166.6485736	20.38782345
123.1743382	12.24336629	166.7957978	20.27860657
123.2632008	12.28264387	166.9422144	20.16998929
123.3523722	12.32221269	167.0878294	20.0619665
123.4418549	12.36206044	167.2326492	19.95453214
123.5316508	12.40217433	167.3766796	19.84767919
123.6217624	12.44254101	167.519927	19.74139965
123.7121918	12.48314666	167.6623974	19.63568457
123.8029412	12.52397695	167.8040969	19.53052405
123.8940128	12.56501707	167.9450317	19.42590721
123.985409	12.60625172	168.0852079	19.32182221
124.0771309	12.64766515	168.2246314	19.21825627
124.1691781	12.68924117	168.3633082	19.11519564
124.2615498	12.73096311	168.501244	19.01262563
124.3542451	12.7728139	168.6384447	18.9105306
124.4472634	12.81477603	168.774916	18.80889399
124.540604	12.85683157	168.9106639	18.70769829
124.6342663	12.89896221	169.0456942	18.6069251
124.7282496	12.94114919	169.1800128	18.50655509
124.8225534	12.9833734	169.3136255	18.40656805
124.9171772	13.0256153	169.4465381	18.30694288
125.0121205	13.06785499	169.5787567	18.20765761
125.1073828	13.11007217	169.7102872	18.10868943
125.2029639	13.15224618	169.8411354	18.01001469
125.2988634	13.19435598	169.9713075	17.91160893
125.3950809	13.23638015	170.1008093	17.81344691
125.4916162	13.27829693	170.2296469	17.7155026
125.5884691	13.32008417	170.3578264	17.61774925
125.6856394	13.36171941	170.4853539	17.52015938
125.783127	13.40317979	170.6122354	17.42270485
125.8809318	13.44444215	170.7384772	17.32535685
125.9790538	13.48548296	170.8640855	17.22808595
126.0774929	13.52627838	170.9890664	17.13086215
126.1762491	13.56680426	171.1134261	17.03365493
126.2753189	13.6070361	171.2371625	16.93643325
126.3746945	13.64694912	171.3602641	16.83916562
126.4743681	13.68651825	171.4827191	16.74182015
126.5743317	13.72571809	171.6045155	16.64436458
126.6745773	13.76452299	171.7256413	16.54676628
126.775097	13.80290699	171.8460846	16.44899232
126.8758827	13.84084382	171.9658335	16.35100947
126.9769264	13.87830693	172.084876	16.25278418
127.0782202	13.91526944	172.2032004	16.15428266
127.1797558	13.95170418	172.3207948	16.05547083
127.2815254	13.98758362	172.4376471	15.95631433
127.3835207	14.0228799	172.5537457	15.85677852
127.4857337	14.05756479	172.6690786	15.75682847
127.5881562	14.09160968	172.783634	15.65642894
127.6907801	14.12498556	172.8974	15.55554439
127.7935973	14.157663	173.0103649	15.45413891
127.8965994	14.18961214	173.1225167	15.35217622
127.9997784	14.22080263	173.2338436	15.24961964
128.103126	14.25120363	173.3443339	15.14643205
128.206634	14.28078378	173.4539756	15.04257587
128.310294	14.30951117	173.562757	14.93801298
128.4140979	14.33735331	173.6706662	14.8327047
128.518039	14.3642771	173.7776941	14.72661177
128.6221238	14.3902488	173.8838494	14.61969423
128.7263641	14.41523401	173.989149	14.51191144
128.8307718	14.43919762	174.0936095	14.40322201
128.9353584	14.46210385	174.1972476	14.29358378
129.0401358	14.4839162	174.3000799	14.1829538
129.1451157	14.5045975	174.4021231	14.07128832
129.2503095	14.52410988	174.5033937	13.95854283
129.3557289	14.54241484	174.6039081	13.84467201
129.4613854	14.55947328	174.7036829	13.72962985
129.5672903	14.57524553	174.8027343	13.61336962
129.6734551	14.58969141	174.9010788	13.49584396
129.7798912	14.6027703	174.9987326	13.37700493
129.8866097	14.61444124	175.095712	13.2568041
129.993622	14.62466298	175.1920331	13.13519264
130.1009391	14.6333941	175.287712	13.01212143
130.2085722	14.64059312	175.3827648	12.88754115
130.3165324	14.64621861	175.4772074	12.76140246
130.4248306	14.65022932	175.5710557	12.63365608
130.5334778	14.65258432	175.6643256	12.50425301
130.6424849	14.65324318	175.7570329	12.37314466
130.7518626	14.65216609	175.8491932	12.24028305
130.8616218	14.64931407	175.9408221	12.10562098
130.9717674	14.64464912	176.0319289	11.96911229
131.0822851	14.63813445	176.1225015	11.83071203
131.1931565	14.62973468	176.2125235	11.69037675
131.3043637	14.61941601	176.3019788	11.54806464
131.415889	14.60714642	176.3908515	11.40373587
131.5277152	14.59289589	176.4791262	11.2573527
131.6398252	14.57663658	176.5667877	11.10887981
131.7522023	14.55834303	176.6538212	10.95828446
131.86483	14.53799233	176.740212	10.80553674
131.9776924	14.51556433	176.825946	10.65060982
132.0907737	14.49104183	176.9110092	10.49348012
132.2040584	14.46441076	176.995388	10.33412759
132.3175315	14.43566036	177.0790691	10.17253594
132.4311781	14.4047834	177.1620396	10.00869283
132.5449837	14.37177636	177.2442868	9.842590151
132.6589343	14.33663959	177.3257983	9.674224228
132.773016	14.29937755	177.4065622	9.503596071
132.8872153	14.25999895	177.4865667	9.33071161
133.001519	14.21851699	177.5658005	9.155581938
133.1159143	14.17494952	177.6442526	8.978223556
133.2303886	14.12931926	177.7219121	8.798658617
133.3449297	14.08165397	177.7987687	8.616915176
133.4595254	14.03198667	177.8748119	8.433027442
133.5741378	13.98035584	177.9499997	8.247036033
133.688684	13.92680557	178.0242353	8.058988218
133.8030772	13.87138579	178.0974167	7.868938141
133.917231	13.81415236	178.1694426	7.676947003
134.0310593	13.75516719	178.2402119	7.4830832
134.1444765	13.69449832	178.3096238	7.287422424
134.2573972	13.63221992	178.377578	7.090047718
134.3697364	13.56841231	178.4439746	6.891049487
134.4814094	13.50316191	178.5087138	6.690525475
134.592332	13.43656117	178.5716962	6.488580685
134.70242	13.36870845	178.6328227	6.285327275
134.8115895	13.2997079	178.6919946	6.080884391
134.919757	13.22966921	178.7491131	5.875377972
135.0268391	13.15870749	178.80408	5.668940506
135.1327525	13.08694292	178.8567969	5.461710739
135.2374142	13.01450051	178.9071657	5.253833342
135.3407412	12.94150975	178.9550885	5.045458539
135.4426506	12.86810425	179.0004675	4.836741678
135.5430595	12.79442131	179.0432047	4.627842767
135.6418852	12.72060151	179.0832023	4.41892596
135.7390446	12.6467882	179.1203625	4.21015899
135.8344549	12.57312698	179.1545872	4.00171257
135.9280423	12.49976513	179.1857893	3.793759728
136.0198415	12.42685102	179.2140059	3.586475117
136.1099555	12.35453351	179.2393536	3.3800343
136.1984873	12.28296135	179.2619487	3.174613078
136.2855387	12.21228265	179.2819063	2.97038686
136.37121	12.14264443	179.2993404	2.767530085
136.4556006	12.0741921	179.3143635	2.566215698
136.5388087	12.00706915	179.3270875	2.36661468
136.6209315	11.94141674	179.3376228	2.168895617
136.7020651	11.87737339	179.346079	1.973224325
136.7823047	11.81507476	179.3525649	1.779763517
136.8617446	11.75465335	179.3571881	1.58867252
136.9404782	11.69623837	179.3600555	1.400107032
137.018598	11.63995557	179.361273	1.214218925
137.0961956	11.58592711	179.3609458	1.03115609
137.1733617	11.53427151	179.359178	0.851062326
137.2501864	11.4851036	179.356073	0.674077262
137.3267586	11.43853451	179.3517334	0.50033633
137.4031664	11.39467172	179.3462609	0.329970769
137.4794973	11.35361911	179.3397562	0.163107666
137.5558375	11.31547706	179.3323191	-0.000129957
137.6322724	11.28034256	179.3240486	-0.159623034
137.7088864	11.24830941	179.3150427	-0.315256293
137.785748	11.2194684	179.3053823	-0.466918078
137.8628468	11.19390749	179.2950639	-0.614500134
137.9401469	11.17171206	179.2840568	-0.757897387
138.0176132	11.15296509	179.2723311	-0.897007752
138.0952115	11.13774735	179.2598575	-1.031731961
138.1729083	11.1261375	179.2466077	-1.161973424
138.2506712	11.11821223	179.2325543	-1.287638121
138.3284684	11.11404635	179.2176705	-1.40863452
138.4062693	11.11371281	179.2019307	-1.524873525
138.4840438	11.11728273	179.1853097	-1.636268459
138.5617631	11.12482543	179.1677836	-1.742735065
138.6393991	11.13640836	179.1493292	-1.84419155
138.7169245	11.15209704	179.1299242	-1.940558645
138.7943131	11.17195502	179.1095471	-2.0317597
138.8715396	11.1960437	179.0881773	-2.117720811
138.9485795	11.22442223	179.0657952	-2.198370969
139.0254093	11.2571473	179.042382	-2.27364224
139.1020063	11.29427302	179.0179198	-2.343469973
139.1783487	11.33585059	178.9923913	-2.407793037
139.2544158	11.38192815	178.9657805	-2.466554088
139.3301874	11.43255044	178.9380719	-2.519699854
139.4056444	11.4877585	178.9092509	-2.567181461
139.4807687	11.5475894	178.8793038	-2.608954775
139.5555752	11.61207581	178.848252	-2.644980777
139.6301632	11.6812457	178.8162055	-2.675225949
139.7046445	11.75512194	178.7832879	-2.699662648
139.7791302	11.833722	178.7496213	-2.718269454
139.8537301	11.91705766	178.7153271	-2.731031474
139.9285534	12.00513474	178.6805255	-2.737940608
140.0037084	12.09795291	178.6453356	-2.738995779
140.0793022	12.19550551	178.6098755	-2.73420313
140.1554412	12.29777938	178.5742622	-2.723576174
140.2322307	12.40475478	178.5386116	-2.707135914
140.309775	12.51640531	178.5030383	-2.684910933
140.3881776	12.63269786	178.4676559	-2.656937437
140.4675406	12.7535926	178.4325767	-2.62325927
140.5479651	12.87904304	178.3979118	-2.583927895
140.6295511	13.00899604	178.3637707	-2.539002342
140.7123972	13.14339195	178.3302617	-2.488549116
140.7966006	13.2821647	178.2974915	-2.43264208
140.8822575	13.42524198	178.2655654	-2.3713623
140.9694621	13.57254541	178.2345869	-2.304797865
141.0583073	13.72399077	178.2046578	-2.233043666
141.1488844	13.87948825	178.1758779	-2.156201148
141.2412826	14.03894272	178.1483453	-2.074378041
141.3355881	14.20225402	178.1221546	-1.987688041
141.4318558	14.36931734	178.0973726	-1.896250485
141.5301125	14.54002355	178.0740405	-1.800189988
141.6303841	14.71425955	178.0521991	-1.699636082
141.7326971	14.89190865	178.0318892	-1.594722839
141.837078	15.07285094	178.0131518	-1.485588503
141.9435539	15.25696363	177.9960283	-1.372375104
142.0521525	15.44412144	177.9805604	-1.255228081
142.1629017	15.63419693	177.96679	-1.134295884
142.27583	15.82706093	177.9547595	-1.009729587
142.3909666	16.02258286	177.9445118	-0.881682479
142.5083411	16.22063113	177.93609	-0.750309656
142.6279838	16.42107352	177.9295378	-0.615767598
142.7499258	16.62377756	177.9248996	-0.478213747
142.8741986	16.82861094	177.9222201	-0.337806063
143.0008347	17.0354419	177.9215448	-0.194702579
143.1298673	17.24413963	177.9229197	-0.049060934
143.2613304	17.45457472	177.9263916	0.098962092
143.3952589	17.66661954	177.9320079	0.249211075
143.5316887	17.88014873	177.939817	0.40153244
143.6706565	18.09503961	177.9498678	0.555774981
143.8122001	18.31117265	177.9622104	0.711790397
143.9563583	18.52843196	177.9768954	0.869433836
144.1031579	18.74670578	177.9939612	1.028564468
144.2525171	18.96588694	178.0133339	1.189046061
144.4042999	19.18587339	178.0348836	1.350747543
144.5583701	19.40656858	178.0584807	1.513543521
144.7145916	19.62788185	178.0839963	1.677314723
144.8728286	19.8497287	178.111302	1.841948384
145.0329459	20.07203104	178.14027	2.007338563
145.1948082	20.29471729	178.1707733	2.173386392
145.3582806	20.51772255	178.2026854	2.340000263
145.5232286	20.74098855	178.2358807	2.507095951
145.689518	20.96446363	178.2702339	2.674596677
145.8570149	21.18810265	178.3056208	2.842433102
146.0255856	21.41186677	178.3419176	3.010543261
146.1950972	21.63572325	178.3790015	3.178872444
146.3654166	21.85964512	178.4167502	3.347373003
146.5364116	22.08361079	178.4550425	3.516004109
146.7079501	22.30760366	178.4937576	3.684731444
146.8799007	22.53161158	178.5327758	3.853526837
147.0521322	22.75562632	178.5719781	4.022367839
147.2245141	22.97964289	178.6112465	4.191237241
147.3969163	23.2036589	178.6504636	4.360122538
147.5692091	23.42767378	178.6895131	4.529015327
147.7412636	23.65168797	178.7282797	4.697910656
