139.9707431	3.80768507	147.8158119	-8.458455623
140.0085683	3.836980774	147.725517	-8.487893705
140.0464287	3.866274703	147.6351845	-8.517334935
140.0843607	3.895563577	147.5448193	-8.54678447
140.122401	3.924842124	147.4544259	-8.576249671
140.1605862	3.954102879	147.3640086	-8.605739837
140.1989529	3.983336009	147.273571	-8.635265941
140.2375379	4.012529183	147.1831163	-8.664840352
140.2763778	4.041667471	147.0926476	-8.694476567
140.3155096	4.070733284	147.0021671	-8.724188925
140.35497	4.099706346	146.9116768	-8.753992328
140.3947959	4.128563702	146.8211785	-8.783901958
140.4350242	4.157279764	146.7306731	-8.813932982
140.475692	4.185826399	146.6401613	-8.844100271
140.5168361	4.214173038	146.5496436	-8.874418101
140.5584939	4.242286842	146.4591196	-8.904899862
140.6007022	4.270132892	146.3685889	-8.935557761
140.643492	4.297674422	146.278045	-8.966402527
140.6868527	4.32487308	146.1874482	-8.997443117
140.7307578	4.351689209	146.0967454	-9.028686448
140.7751807	4.378082109	146.0058843	-9.06013716
140.8200946	4.404010277	145.9148125	-9.091797439
140.8654729	4.42943164	145.8234783	-9.123666877
140.9112887	4.454303746	145.7318302	-9.155742386
140.9575153	4.478583952	145.6398171	-9.188018158
141.0041259	4.502229582	145.5473882	-9.220485674
141.0510936	4.525198068	145.4544931	-9.253133756
141.0983915	4.547447072	145.3610819	-9.28594867
141.1459927	4.568934587	145.2671048	-9.318914272
141.19387	4.589619024	145.1725126	-9.352012206
141.2419966	4.609459271	145.0772566	-9.385222138
141.2903453	4.628414746	144.9812882	-9.418522049
141.338889	4.646445423	144.8845595	-9.451888561
141.3876013	4.663511846	144.787027	-9.485297315
141.4364609	4.679575123	144.6886784	-9.51872339
141.4854491	4.69459691	144.5895149	-9.552141748
141.5345471	4.708539387	144.4895377	-9.58552768
141.583736	4.721365217	144.388747	-9.618857261
141.6329967	4.733037511	144.2871426	-9.6521078
141.6823102	4.743519773	144.1847238	-9.68525829
141.7316574	4.752775848	144.0814891	-9.718289863
141.7810189	4.760769855	143.9774365	-9.751186243
141.8303757	4.767466125	143.8725633	-9.783934201
141.8797081	4.772829117	143.7668664	-9.816524022
141.9289969	4.776823347	143.6603416	-9.848949965
141.9782224	4.779413293	143.5529846	-9.881210737
142.0273651	4.780563311	143.4447901	-9.913309965
142.0764053	4.780237537	143.3357522	-9.945256683
142.1253232	4.778399782	143.2258645	-9.977065819
142.1741008	4.775013435	143.1151254	-10.00875869
142.2227441	4.770041351	143.0036082	-10.0403635
142.2712755	4.763445758	142.891438	-10.0719158
142.3197178	4.75518819	142.7787406	-10.10345885
142.3680941	4.745229457	142.6656416	-10.13504387
142.4164272	4.733529648	142.5522663	-10.16673021
142.4647401	4.720048183	142.4387395	-10.19858531
142.513056	4.704743895	142.3251861	-10.23068461
142.5613979	4.68757516	142.2117302	-10.26311133
142.609789	4.668500058	142.0984961	-10.29595611
142.6582524	4.647476585	141.9856075	-10.32931652
142.7068114	4.624462897	141.8731878	-10.36329651
142.7554893	4.599417604	141.7613603	-10.39800559
142.8043093	4.572300098	141.650248	-10.4335581
142.8532947	4.543070931	141.5399736	-10.47007213
142.9024691	4.511692231	141.4306595	-10.50766849
142.9518543	4.478128164	141.322424	-10.54646946
143.0014377	4.442345434	141.215286	-10.58659743
143.0511703	4.404313812	141.1091618	-10.62817349
143.1010018	4.364006649	141.0039638	-10.67131604
143.1508815	4.32140138	140.8996054	-10.71613944
143.2007588	4.276479994	140.7960006	-10.76275271
143.2505834	4.229229476	140.6930645	-10.81125831
143.3003045	4.179642233	140.5907131	-10.86175106
143.3498718	4.127716485	140.4888631	-10.91431697
143.3992348	4.073456636	140.3874322	-10.96903226
143.4483428	4.016873617	140.2863389	-11.02596239
143.4971455	3.957985207	140.1855024	-11.08516115
143.5455924	3.896816323	140.0848429	-11.14666981
143.593633	3.833399291	139.9842813	-11.2105163
143.6412169	3.767774084	139.8837396	-11.2767145
143.6882936	3.699988541	139.7831404	-11.34526351
143.7348127	3.630098556	139.682406	-11.41614707
143.7807192	3.558168235	139.5814237	-11.4893329
143.8259528	3.484270033	139.4800388	-11.56477224
143.8704532	3.408484847	139.3780947	-11.6423994
143.9141598	3.330902077	139.2754361	-11.72213152
143.9570124	3.251619641	139.1719086	-11.80386835
143.9989506	3.17074396	139.0673591	-11.88749228
144.0399143	3.088389889	138.9616355	-11.9728684
144.0798432	3.004680618	138.8545868	-12.05984471
144.1186772	2.919747523	138.7460631	-12.14825253
144.1563564	2.83372997	138.635916	-12.23790692
144.1928207	2.746775086	138.5239979	-12.32860733
144.2280103	2.659037463	138.4101629	-12.42013833
144.2618652	2.570678837	138.294266	-12.51227048
144.2943257	2.481867696	138.176164	-12.60476133
144.3253319	2.39277885	138.0557147	-12.69735658
144.3548244	2.303592944	137.9327784	-12.7897913
144.3827596	2.214495916	137.8072796	-12.88179138
144.4091229	2.125678411	137.6792584	-12.97307501
144.4339027	2.037335165	137.5487674	-13.06335419
144.4570875	1.949664367	137.4158595	-13.15233623
144.4786657	1.862867013	137.2805884	-13.2397252
144.4986257	1.777146236	137.143008	-13.32522336
144.5169559	1.692706617	137.0031728	-13.40853252
144.5336447	1.609753476	136.8611378	-13.48935538
144.5486804	1.528492135	136.7169581	-13.56739686
144.5620516	1.449127164	136.5706893	-13.64236541
144.5737466	1.371861587	136.4223875	-13.71397421
144.5837538	1.296896068	136.2721089	-13.78194245
144.5920616	1.224428061	136.1199099	-13.84599654
144.5986585	1.154650922	135.9658475	-13.90587131
144.6035329	1.087752994	135.8099785	-13.9613112
144.6066733	1.023916647	135.6523603	-14.01207138
144.6081106	0.963317283	135.4930878	-14.05791899
144.6079933	0.906122334	135.3323604	-14.09863421
144.6064903	0.852490301	135.1703941	-14.13401127
144.6037702	0.80256992	135.0074032	-14.16385939
144.6000016	0.756499435	134.8436004	-14.1880035
144.595353	0.714406008	134.6791966	-14.20628481
144.5899929	0.676405249	134.514401	-14.21856126
144.5840896	0.642600868	134.3494215	-14.22470784
144.5778114	0.613084452	134.1844639	-14.22461669
144.5713263	0.587935355	134.0197324	-14.21819718
144.5648025	0.567220715	133.8554297	-14.20537575
144.5584079	0.550995587	133.6917567	-14.18609568
144.5523104	0.539303186	133.5289126	-14.16031668
144.5466778	0.532175263	133.3670951	-14.12801444
144.5416779	0.529632578	133.2065002	-14.08917991
144.5374781	0.531685504	133.0473222	-14.04381862
144.5342092	0.538334741	132.8897135	-13.99194976
144.5318801	0.549572108	132.7336926	-13.93360519
144.5304751	0.565381372	132.5792509	-13.86882851
144.5299783	0.585739025	132.4263795	-13.79767406
144.530374	0.610615014	132.2750698	-13.72020607
144.5316466	0.639973401	132.1253131	-13.63649789
144.5337802	0.673772965	131.9771004	-13.5466312
144.5367593	0.711967753	131.8304231	-13.45069543
144.5405682	0.754507556	131.6852723	-13.34878709
144.5451913	0.801338341	131.5416391	-13.24100932
144.5506129	0.852402619	131.3995146	-13.12747141
144.5568174	0.907639748	131.2588899	-13.00828841
144.5637893	0.966986197	131.119756	-12.88358081
144.5715129	1.030375732	130.982104	-12.75347433
144.5799727	1.097739561	130.8459247	-12.61809966
144.5891532	1.169006423	130.7112092	-12.47759238
144.5990448	1.244102612	130.5779574	-12.33209291
144.60967	1.322951964	130.4462157	-12.18174642
144.6210612	1.40547581	130.3160454	-12.02670293
144.6332512	1.491592911	130.1875073	-11.86711726
144.6462724	1.581219392	130.0606616	-11.70314905
144.6601576	1.674268667	129.9355682	-11.53496276
144.6749394	1.770651368	129.8122862	-11.36272763
144.6906506	1.870275262	129.6908746	-11.18661763
144.7073239	1.973045171	129.5713917	-11.00681142
144.7249921	2.078862897	129.4538956	-10.82349228
144.743688	2.187627131	129.3384437	-10.63684799
144.7634445	2.299233386	129.2250932	-10.44707072
144.7842945	2.413573908	129.1139008	-10.25435691
144.8062711	2.53053761	129.0049229	-10.05890709
144.8294074	2.650010002	128.8982154	-9.860925706
144.8537364	2.771873125	128.7938339	-9.660620885
144.8792943	2.896005495	128.6918343	-9.458204224
144.9061422	3.022282061	128.5922754	-9.253890493
144.9343535	3.150574182	128.4952174	-9.04789734
144.9640016	3.28074965	128.4007199	-8.840444937
144.99516	3.412672762	128.308842	-8.631755603
145.0279016	3.546204441	128.2196421	-8.422053367
145.0622998	3.681202414	128.133178	-8.211563502
145.0984272	3.817521443	128.0495069	-8.000512002
145.1363567	3.955013606	127.9686855	-7.789125016
145.1761607	4.093528647	127.8907697	-7.577628237
145.2179115	4.232914373	127.8158148	-7.366246231
145.2616811	4.373017115	127.7438755	-7.15520172
145.3075413	4.513682252	127.6750059	-6.94471481
145.3555632	4.65475479	127.6092591	-6.735002163
145.4058181	4.796080012	127.5466878	-6.52627611
145.4583765	4.937504187	127.4873438	-6.318743708
145.5132989	5.078875348	127.4312662	-6.112605738
145.5705488	5.22004412	127.378374	-5.908055655
145.6300331	5.360864558	127.3285161	-5.705278549
145.6916577	5.501194937	127.2815413	-5.504450193
145.7553288	5.640898451	127.2372986	-5.305736216
145.8209527	5.779843834	127.1956374	-5.109291396
145.8884357	5.917905894	127.1564075	-4.915259081
145.9576841	6.054965964	127.1194592	-4.723770734
146.0286046	6.190912273	127.0846431	-4.53494559
146.1011038	6.325640238	127.0518104	-4.348890444
146.1750887	6.459052674	127.0208127	-4.165699544
146.2504663	6.591059926	126.9915018	-3.985454606
146.3271439	6.721579933	126.9637304	-3.808224942
146.4050292	6.850538204	126.9373513	-3.634067703
146.4840298	6.977867731	126.9122178	-3.463028226
146.5640538	7.10350882	126.8881839	-3.295140503
146.6450122	7.227408857	126.8651079	-3.130427749
146.7268634	7.349522002	126.8429241	-2.968903078
146.8096077	7.469808844	126.8216329	-2.81057024
146.8932467	7.588236048	126.8012376	-2.655424361
146.9777822	7.704776022	126.781742	-2.503452662
147.0632164	7.819406596	126.7631506	-2.354635132
147.1495514	7.932110728	126.7454682	-2.208945178
147.2367896	8.042876231	126.7287006	-2.066350228
147.3249335	8.151695522	126.7128537	-1.926812306
147.4139859	8.258565383	126.6979344	-1.790288565
147.5039498	8.363486758	126.6839499	-1.656731787
147.5948282	8.466464564	126.6709083	-1.526090846
147.6866245	8.567507526	126.6588179	-1.39831113
147.7793423	8.66662803	126.6476879	-1.273334933
147.8729853	8.76384201	126.6375281	-1.151101802
147.9675573	8.859168845	126.6283488	-1.031548856
148.0630622	8.952631286	126.6201605	-0.914611062
148.1594838	9.044255402	126.6129592	-0.800221474
148.2567798	9.134070535	126.6067211	-0.688311453
148.3549063	9.22210925	126.6014212	-0.578810861
148.4538194	9.308407259	126.5970344	-0.471648268
148.553475	9.393003326	126.5935359	-0.366751145
148.653829	9.475939142	126.5909006	-0.264046065
148.7548374	9.557259178	126.5891036	-0.163458905
148.8564561	9.637010508	126.5881201	-0.064915047
148.9586408	9.715242615	126.5879253	0.031660413
149.0613475	9.792007153	126.5884942	0.12634246
149.1645317	9.867357705	126.5898021	0.219205939
149.2681493	9.941349487	126.5918242	0.310325344
149.3721558	10.01403905	126.5945357	0.399774587
149.476507	10.08548392	126.597912	0.487626772
149.5811584	10.15574226	126.6019283	0.573953951
149.686066	10.22487243	126.6065602	0.658826881
149.791214	10.29293259	126.6117966	0.742314772
149.896629	10.35998024	126.6176465	0.824485028
150.0023414	10.4260718	126.6241207	0.905403008
150.1083813	10.49126221	126.6312297	0.985131801
150.2147789	10.55560456	126.6389841	1.063732029
150.3215645	10.61914981	126.6473944	1.14126167
150.4287681	10.68194646	126.6564708	1.217775899
150.5364199	10.74404034	126.6662239	1.293326957
150.6445499	10.8054744	126.6766638	1.36796403
150.7531883	10.8662885	126.6878006	1.441733161
150.8623651	10.92651933	126.6996445	1.514677166
150.9721103	10.98620027	126.7122055	1.58683558
151.0824538	11.04536134	126.7254935	1.658244615
151.1934257	11.10402915	126.7395184	1.728937136
151.3050558	11.16222693	126.7542899	1.798942656
151.417374	11.21997453	126.7698177	1.868287346
151.5304009	11.27728852	126.7861124	1.936994063
151.6441362	11.33418228	126.8031863	2.005082391
151.7585767	11.39066607	126.8210525	2.072568701
151.8737192	11.4467472	126.8397238	2.139466234
151.9895603	11.50243012	126.8592133	2.205785193
152.106097	11.55771654	126.8795341	2.271532863
152.223326	11.61260551	126.9006995	2.336713739
152.3412444	11.66709362	126.9227227	2.401329685
152.4598489	11.72117503	126.945617	2.465380101
152.5791365	11.77484164	126.969396	2.52886211
152.6991042	11.82808322	126.9940732	2.591770769
152.8197489	11.88088748	127.0196621	2.654099296
152.9410678	11.93324024	127.0461766	2.715839309
153.0630577	11.98512556	127.0736304	2.776981098
153.1857159	12.0365258	127.1020375	2.837513901
153.3090393	12.08742184	127.1314117	2.897426209
153.433023	12.13779314	127.1617543	2.956706088
153.5576541	12.1876179	127.1930207	3.015341508
153.6829177	12.23687318	127.2251556	3.073320659
153.8087989	12.28553502	127.258104	3.130632228
153.9352826	12.33357858	127.2918105	3.187265634
154.0623536	12.38097817	127.3262198	3.243211213
154.1899965	12.42770743	127.3612764	3.298460357
154.3181958	12.47373936	127.3969247	3.353005604
154.4469359	12.51904643	127.4331091	3.406840693
154.5762009	12.5636006	127.4697738	3.459960553
154.705975	12.60737347	127.506863	3.512361265
154.8362419	12.65033623	127.5443207	3.564039965
154.9669855	12.6924598	127.5820908	3.614994706
155.0981894	12.73371479	127.6201171	3.665224268
155.229837	12.7740716	127.6583435	3.714727929
155.3619117	12.8135004	127.6967136	3.763505184
155.4944014	12.85197115	127.7351894	3.811555417
155.6273135	12.88945366	127.7738107	3.858877546
155.7606611	12.92591753	127.8126385	3.905469673
155.8944575	12.96133228	127.8517338	3.951328783
156.028716	12.99566736	127.891158	3.996450512
156.1634504	13.02889224	127.9309725	4.040828975
156.2986742	13.06097653	127.9712392	4.084456664
156.4344017	13.09189011	128.0120202	4.127324412
156.5706469	13.1216033	128.0533775	4.169421424
156.7074243	13.15008702	128.0953737	4.210735375
156.8447484	13.17731303	128.1380714	4.251252577
156.9826342	13.20325412	128.1815335	4.290958211
157.1210965	13.22788444	128.2258233	4.329836631
157.2601506	13.25117973	128.271004	4.367871734
157.3998119	13.27311765	128.3171392	4.405047399
157.540096	13.29367815	128.3642928	4.441347999
157.6810127	13.31284381	128.4125168	4.476758979
157.8225314	13.33060028	128.4617812	4.511267488
157.9646049	13.34693661	128.5120229	4.544863038
158.107186	13.36184571	128.5631787	4.577538126
158.2502277	13.37532462	128.6151863	4.609288812
158.393683	13.38737491	128.6679835	4.640115239
158.5375052	13.39800287	128.721509	4.670022112
158.6816478	13.40721985	128.7757015	4.699019117
158.8260644	13.41504246	128.8305006	4.7271213
158.9707087	13.42149272	128.8858462	4.754349386
159.1155347	13.42659829	128.9416786	4.780730056
159.2604964	13.43039256	128.9979389	4.806296176
159.4055481	13.43291478	129.0545683	4.831086969
159.5506443	13.43421009	129.1115087	4.855148151
159.6957395	13.43432959	129.1687025	4.878532005
159.8407886	13.43333038	129.2260926	4.901297418
159.9857456	13.43127544	129.2836223	4.923509861
160.1305553	13.42823367	129.3412355	4.945241328
160.2751571	13.42427975	129.3988767	4.966570219
160.4194903	13.419494	129.4564916	4.987581178
160.5634949	13.41396219	129.5140263	5.008364885
160.7071112	13.40777531	129.571428	5.02901779
160.8502801	13.40102928	129.6286447	5.049641811
160.9929427	13.39382458	129.6856249	5.070343968
161.1350405	13.38626592	129.7423184	5.09123598
161.2765156	13.37846173	129.7986753	5.112433807
161.4173102	13.37052369	129.8546468	5.134057139
161.5573672	13.36256621	129.9101847	5.156228842
161.6966296	13.35470578	129.9652415	5.179074348
161.8350409	13.34706033	130.0197706	5.202720991
161.9725449	13.33974853	130.0737259	5.227297298
162.1090858	13.332889	130.1270622	5.252932225
162.2446137	13.32659949	130.1797397	5.279754333
162.3791563	13.32099602	130.2317884	5.307890933
162.5127982	13.31619197	130.2832881	5.3374672
162.6456249	13.31229724	130.334319	5.368605338
162.7777212	13.30941747	130.3849604	5.401423792
162.9091719	13.30765333	130.4352905	5.436036527
163.0400611	13.30709993	130.4853869	5.472552361
163.1704728	13.30784619	130.5353262	5.511074365
163.3004904	13.30997438	130.585184	5.551699302
163.4301971	13.3135597	130.6350352	5.594517139
163.5596758	13.31866991	130.684954	5.639610591
163.6890088	13.32536502	130.7350136	5.687054731
163.8182784	13.33369711	130.7852864	5.736916639
163.9475664	13.34371008	130.8358442	5.789255099
164.0769544	13.35543962	130.886758	5.844120344
164.2065234	13.36891314	130.9380977	5.901553844
164.3363539	13.38414978	130.9899335	5.961588135
164.4665139	13.4011605	131.0423483	6.024246693
164.5970576	13.4199482	131.0954397	6.089543856
164.7280381	13.4405079	131.1493048	6.157484805
164.859508	13.46282696	131.2040398	6.228065615
164.9915192	13.4868853	131.2597398	6.301273364
165.1241235	13.51265566	131.3164988	6.377086321
165.2573718	13.54010397	131.3744099	6.455474183
165.3913147	13.5691896	131.4335651	6.536398394
165.5260022	13.59986582	131.4940552	6.619812508
165.6614838	13.63208013	131.55597	6.705662631
165.7978083	13.66577473	131.6193983	6.793887917
165.935024	13.700887	131.6844278	6.884421126
166.0731787	13.73734996	131.7511452	6.977189247
166.2123195	13.77509284	131.8196359	7.072114177
166.3524927	13.8140416	131.8899844	7.169113466
166.4937437	13.85411959	131.9622733	7.268101116
166.6360839	13.89524809	132.0365272	7.368988442
166.7794693	13.93734703	132.1126774	7.471684952
166.9238514	13.98033556	132.1906467	7.576099191
167.0691817	14.02413259	132.270359	7.682139513
167.2154123	14.06865736	132.3517384	7.789714746
167.3624955	14.11382985	132.4347099	7.898734789
167.5103837	14.15957119	132.519199	8.0091111
167.65903	14.205804	132.6051318	8.120757114
167.8083877	14.25245271	132.6924351	8.233588569
167.9584104	14.29944379	132.7810364	8.347523747
168.1090521	14.34670596	132.8708637	8.462483637
168.2602674	14.39417031	132.9618457	8.578392017
168.4120109	14.44177045	133.0539118	8.695175455
168.564238	14.48944252	133.1469918	8.812763233
168.7169043	14.53712526	133.2410166	8.931087195
168.869966	14.58475991	133.3359177	9.050081521
169.0233974	14.63229021	133.4316668	9.169682428
169.1772062	14.67966224	133.528311	9.289827827
169.3314039	14.72682436	133.6259053	9.410456977
169.4860018	14.77372705	133.7245046	9.531510177
169.6410109	14.82032287	133.8241632	9.652928512
169.796442	14.86656638	133.924935	9.774653636
169.9523058	14.91241405	134.0268735	9.896627614
170.1086128	14.95782421	134.130032	10.01879281
170.2653732	15.00275706	134.2344631	10.1410918
170.4225969	15.04717459	134.3402194	10.2634674
170.5802938	15.09104065	134.4473527	10.38586265
170.7384736	15.13432086	134.5559149	10.50822093
170.8971454	15.17698271	134.6659571	10.6304861
171.0563185	15.2189956	134.7775304	10.75260262
171.2160018	15.26033082	134.8906854	10.87451588
171.3762039	15.3009617	135.0054723	10.99617238
171.5369228	15.34086365	135.1219136	11.11752014
171.6981258	15.38001428	135.2399508	11.23850903
171.8597745	15.41839342	135.3595107	11.35909112
172.0218309	15.45598327	135.4805209	11.47922097
172.1842571	15.49276834	135.602909	11.59885587
172.3470154	15.52873551	135.7266033	11.71795601
172.5100685	15.56387398	135.8515322	11.83648456
172.673379	15.5981752	135.9776247	11.95440776
172.8369099	15.63163283	136.1048102	12.07169481
173.0006246	15.66424256	136.2330183	12.18831786
173.1644866	15.69600205	136.3621792	12.30425182
173.3284594	15.72691071	136.4922233	12.41947418
173.4925071	15.75696952	136.6230815	12.53396469
173.656594	15.78618082	136.7546849	12.64770508
173.8206846	15.81454806	136.8869652	12.76067867
173.9847435	15.84207556	137.0198543	12.87286988
174.1487435	15.86876814	137.1533006	12.98426377
174.3126932	15.89463088	137.2873268	13.09484546
174.4766118	15.9196688	137.4219778	13.20459961
174.6405192	15.94388651	137.5572989	13.31350987
174.8044354	15.96728799	137.6933359	13.42155843
174.968381	15.98987633	137.8301349	13.52872561
175.1323769	16.01165353	137.9677425	13.63498946
175.2964445	16.03262028	138.1062057	13.7403255
175.4606055	16.05277584	138.245572	13.84470641
175.6248821	16.0721179	138.3858893	13.94810189
175.7892967	16.09064246	138.5272058	14.05047846
175.9538725	16.1083438	138.6695704	14.15179938
176.1186326	16.12521438	138.8130321	14.25202466
176.2836009	16.1412449	138.9576405	14.35111103
176.4488015	16.15642426	139.1034457	14.44901203
176.6142589	16.17073966	139.2504981	14.54567819
176.7799936	16.18417665	139.3988386	14.64105721
176.9460009	16.19671926	139.5484544	14.73509419
177.1122676	16.20835011	139.699314	14.82773193
177.27878	16.21905059	139.8513855	14.91891123
177.4455243	16.2288009	140.0046366	15.00857108
177.6124862	16.23758026	140.159035	15.09664899
177.7796514	16.245367	140.3145479	15.18308115
177.9470051	16.25213863	140.4711424	15.26780267
178.1145324	16.25787203	140.6287851	15.35074779
178.2822181	16.2625435	140.7874427	15.43185001
178.4500467	16.26612886	140.9470812	15.51104232
178.6180023	16.26860361	141.1076666	15.58825733
178.7860691	16.26994295	141.2691647	15.66342739
178.9542306	16.2701219	141.4315408	15.73648474
179.1224703	16.26911541	141.5947602	15.8073616
179.2907714	16.26689841	141.7587877	15.87599032
179.459117	16.26344588	141.9235881	15.94230341
179.6274929	16.25873296	142.0891247	16.00623366
179.7958861	16.25273498	142.2553606	16.06771417
180.0357165	16.24543331	142.4222587	16.12667846
180.1326723	16.23683254	142.5897822	16.18306044
180.3010394	16.2269377	142.757894	16.23679451
180.469372	16.21573139	142.9265573	16.28781556
180.637657	16.20319107	143.0957351	16.33605895
180.8058815	16.18929481	143.2653905	16.38146057
180.9740326	16.1740214	143.4354865	16.42395681
181.1420974	16.15735042	143.6059864	16.46348454
181.3100629	16.13926229	143.7768531	16.49998111
181.4779163	16.11973837	143.9480498	16.53338434
181.6456446	16.09876102	144.1195396	16.56363245
181.8132351	16.07631372	144.2912855	16.59066408
181.9806747	16.0523811	144.4632506	16.6144182
182.1479497	16.02694905	144.6353979	16.63483412
182.3150299	16.00000482	144.807688	16.65185142
182.4818724	15.97153704	144.98008	16.6654099
182.6484343	15.94153588	145.1525331	16.67544953
182.8146729	15.90999297	145.3250066	16.68191041
182.9805456	15.87690148	145.4974602	16.6847327
183.1460102	15.8422561	145.6698538	16.68385655
183.3110247	15.80605296	145.8421476	16.67922203
183.4755475	15.76828958	146.0143017	16.67076908
183.639537	15.7289648	146.1862768	16.65843744
183.802952	15.68807863	146.3580336	16.64216654
183.9657515	15.64563211	146.5295331	16.62189551
184.1278948	15.60162718	146.7007365	16.59756303
184.2893415	15.55606644	146.8716051	16.56910731
184.4500512	15.50895298	147.0421007	16.53646603
184.609984	15.46029011	147.2121848	16.49957627
184.7691018	15.41008114	147.3818203	16.45837446
184.9274	15.35832904	147.5509839	16.41279635
185.0849047	15.30503624	147.7196651	16.36277693
185.2416425	15.2502043	147.8878534	16.30825051
185.3976395	15.19383371	148.0555379	16.24915065
185.5529215	15.13592374	148.2227073	16.1854103
185.7075137	15.07647227	148.38935	16.11696187
185.861441	15.01547568	148.5554539	16.04373735
186.0147278	14.95292883	148.7210066	15.9656685
186.167398	14.88882501	148.8859952	15.88268705
186.3194751	14.82315594	149.0504067	15.79472491
186.4709822	14.75591189	149.2142275	15.70171451
186.6219419	14.68708169	149.3774438	15.60358905
186.7723765	14.61665293	149.5400413	15.50028287
186.9223077	14.54461209	149.7020055	15.39173185
187.071757	14.47094477	149.8633214	15.27787384
187.2207447	14.39563591	150.0239732	15.1586491
187.3692735	14.31867007	150.1839213	15.0340008
187.5173212	14.24003177	150.3430933	14.90387558
187.6648639	14.15970574	150.5014147	14.76822401
187.8118776	14.07767727	150.6588107	14.62700119
187.9583382	13.99393251	150.8152065	14.48016715
188.1042216	13.90845874	150.9705271	14.32768741
188.2495036	13.8212447	151.1246974	14.16953337
188.3941598	13.73228082	151.2776421	14.00568282
188.5381659	13.64155954	151.4292862	13.83612034
188.6814974	13.54907558	151.579554	13.6608377
188.8241298	13.45482616	151.7283702	13.47983429
188.9660386	13.35881132	151.8756592	13.29311749
189.1071991	13.26103414	152.0213451	13.10070302
189.2475866	13.16150097	152.1653523	12.90261532
189.3871764	13.06022172	152.3076047	12.69888788
189.5259435	12.95721006	152.4480263	12.48956354
189.6638489	12.85248362	152.5865211	12.27469479
189.8008237	12.74606429	152.722952	12.05434408
189.9367954	12.63797829	152.8571765	11.82858398
190.0716915	12.52825638	152.9890523	11.59749735
190.2054392	12.41693389	153.1184367	11.36117739
190.337966	12.30405075	153.2451871	11.11972759
190.4691991	12.18965149	153.3691607	10.87326164
190.5990656	12.0737851	153.4902146	10.62190323
190.7274929	11.95650491	153.608206	10.36578573
190.8544082	11.83786842	153.7229917	10.10505185
190.9797385	11.717937	153.8344287	9.839853136
191.103411	11.59677562	153.9423739	9.570349446
191.2253529	11.47445245	154.0466839	9.296708271
191.3454913	11.35103848	154.1472156	9.019103996
191.4637534	11.22660698	154.2438255	8.737717057
191.5800663	11.10123299	154.3363704	8.452732997
191.6943924	10.97499273	154.4247626	8.164341423
191.8067791	10.84796293	154.5090486	7.87273491
191.9172867	10.72022024	154.5892953	7.578107901
192.0259751	10.59184064	154.6655696	7.280655696
192.1329045	10.46289893	154.7379385	6.980573527
192.2381349	10.33346827	154.8064689	6.678055726
192.3417263	10.20361984	154.871228	6.373294986
192.4437386	10.0734225	154.9322828	6.066481705
192.5442317	9.942942518	154.9897008	5.757803429
192.6432655	9.8122434	155.0435493	5.447444363
192.7408998	9.681385738	155.093896	5.135584981
192.8371944	9.550427143	155.1408085	4.822401709
192.9322089	9.419422225	155.1843548	4.508066689
193.026003	9.28842264	155.224603	4.192747626
193.1186363	9.157477182	155.2616213	3.876607705
193.2101683	9.026631948	155.2954782	3.559805588
193.3006442	8.89593055	155.3262276	3.242495485
193.3900548	8.765414367	155.3538661	2.924827277
193.4783775	8.635122828	155.3783769	2.606946685
193.56559	8.505093665	155.399743	2.288995418
193.6516697	8.375363158	155.4179475	1.971111322
193.7365941	8.245966344	155.4329733	1.653428508
193.8203406	8.116937211	155.4448032	1.336077464
193.9028865	7.98830886	155.45342	1.019185145
193.9842091	7.860113646	155.4588064	0.702875053
194.0642857	7.732383288	155.4609449	0.387267283
194.1430935	7.60514896	155.459818	0.072478554
194.2206097	7.478441351	155.4554081	-0.241377783
194.2968115	7.352290696	155.4476975	-0.554191765
194.3716759	7.226726787	155.4366685	-0.865856864
194.4451802	7.101778947	155.422303	-1.176270059
194.5173016	6.977475986	155.4045831	-1.485331934
194.5880216	6.853846123	155.3834987	-1.792946815
194.6573505	6.730916884	155.3590884	-2.099022919
194.7253089	6.608714994	155.3314091	-2.403472508
194.7919177	6.48726627	155.3005179	-2.706212016
194.8571981	6.36659553	155.266472	-3.007162141
194.9211715	6.246726511	155.2293284	-3.30624789
194.9838595	6.127681803	155.1891444	-3.603398601
195.0452837	6.009482793	155.1459773	-3.898547915
195.1054661	5.892149623	155.0998843	-4.191633722
195.1644288	5.775701162	155.0509225	-4.482598065
195.222194	5.660154986	154.9991493	-4.771387014
195.2787839	5.545527378	154.9446218	-5.057950503
195.3342213	5.43183333	154.887397	-5.342242138
195.3885285	5.319086569	154.827532	-5.624218965
195.4417285	5.207299585	154.7650838	-5.903841212
195.4938441	5.096483681	154.7001091	-6.181071999
195.5448966	4.986649025	154.6326588	-6.455877012
195.594896	4.877804725	154.5627414	-6.728224156
195.6438476	4.769958894	154.4903466	-6.998083207
195.6917561	4.663118729	154.4154643	-7.265425481
195.7386267	4.557290574	154.338084	-7.530223538
195.7844645	4.452479983	154.2581955	-7.792450922
195.8292743	4.348691774	154.1757884	-8.052081934
195.8730614	4.245930083	154.0908524	-8.309091445
195.9158307	4.144198411	154.0033771	-8.563454739
195.9575871	4.043499661	153.9133522	-8.815147394
195.9983359	3.943836173	153.8207671	-9.064145203
196.0380819	3.845209757	153.7256116	-9.310424125
196.0768303	3.747621717	153.6278751	-9.553960281
196.114586	3.651072865	153.5275472	-9.794729976
196.1513541	3.555563539	153.4246174	-10.03270977
196.1871395	3.461093611	153.3190754	-10.26787659
196.221948	3.367662483	153.2109137	-10.50020783
196.2557945	3.275269093	153.100163	-10.7296816
196.2886999	3.183911908	152.9868796	-10.95627683
196.3206853	3.093588929	152.8711202	-11.17997353
196.3517716	3.004297705	152.7529418	-11.40075286
196.3819797	2.916035355	152.6324013	-11.61859736
196.4113305	2.828798604	152.5095559	-11.83349095
196.4398448	2.742583821	152.384463	-12.04541908
196.4675435	2.657387078	152.25718	-12.25436878
196.4944474	2.573204209	152.1277647	-12.46032863
196.5205772	2.490030883	151.9962747	-12.66328882
196.5459536	2.407862689	151.862768	-12.8632411
196.5705973	2.326695225	151.7273027	-13.06017873
196.594529	2.246524202	151.5899372	-13.25409641
196.6177693	2.167345559	151.4507297	-13.44499017
196.6403388	2.089155581	151.3097391	-13.63285724
196.6622573	2.011951033	151.1670225	-13.81769591
196.6835262	1.935729301	151.0226052	-13.99950533
196.7041285	1.860488531	150.8764805	-14.17828536
196.7240464	1.786227752	150.7286405	-14.35403635
196.7432622	1.712946974	150.5790774	-14.52675905
196.7617582	1.640647262	150.427784	-14.69645453
196.7795164	1.569330778	150.274753	-14.86312405
196.7965193	1.499000801	150.1199775	-15.02676913
196.812749	1.429661716	149.963451	-15.1873915
196.8281877	1.36131898	149.8051672	-15.3449932
196.8428178	1.293979061	149.6451198	-15.49957663
196.8566214	1.227649344	149.4833031	-15.6511447
196.8695809	1.162338016	149.3197116	-15.799701
196.8816784	1.098053925	149.15434	-15.94524997
196.8928963	1.034806404	148.9871834	-16.08779714
196.9032169	0.972605077	148.818237	-16.22734942
196.9126234	0.911459629	148.647498	-16.36391538
196.9211253	0.851379561	148.4750074	-16.49750559
196.9287627	0.792373924	148.3008565	-16.62813294
196.9355774	0.734451068	148.1251386	-16.75581298
196.9416112	0.67761842	147.9479463	-16.88056415
196.9469057	0.621882287	147.7693714	-17.00240798
196.9515028	0.567247689	147.5895047	-17.12136923
196.9554441	0.513718226	147.4084363	-17.23747594
196.9587714	0.461295965	147.2262555	-17.35075949
196.9615264	0.409981369	147.0430505	-17.46125452
196.9637507	0.359773239	146.8589089	-17.56899884
196.9654861	0.310668701	146.6739172	-17.67403328
196.9667741	0.262663212	146.4881611	-17.77640148
196.9676564	0.215750597	146.3017253	-17.87614961
196.9681745	0.16992312	146.1146936	-17.97332607
196.9683701	0.125171573	145.9271491	-18.06798108
196.9682844	0.081485412	145.7391731	-18.16016627
196.9679438	0.038852899	145.5508119	-18.24993419
196.9673489	-0.002738714	145.3620511	-18.3373378
196.9664975	-0.043303018	145.1728705	-18.42242993
196.9653875	-0.08285427	144.9832497	-18.50526284
196.964017	-0.121407246	144.7931682	-18.58588779
196.9623837	-0.15897709	144.6026055	-18.6643546
196.9604857	-0.195579185	144.4115408	-18.74071137
196.9583208	-0.231229037	144.2199534	-18.81500411
196.9558871	-0.26594216	144.0278224	-18.88727651
196.9531824	-0.299733981	143.8351269	-18.95756973
196.9502049	-0.332619758	143.6418459	-19.02592215
196.9469523	-0.364614503	143.4479583	-19.09236928
196.9434229	-0.395732916	143.2534429	-19.15694364
196.9396147	-0.425989335	143.0582784	-19.21967469
196.9355257	-0.455397696	142.8624436	-19.2805888
196.9311539	-0.483971495	142.665917	-19.33970925
196.9264984	-0.511723771	142.4686823	-19.39705631
196.9215598	-0.538667095	142.2707364	-19.45264728
196.9163392	-0.564813562	142.0720788	-19.50649667
196.9108376	-0.590174798	141.8727096	-19.55861623
196.905056	-0.614761971	141.6726289	-19.6090152
196.8989957	-0.638585807	141.4718375	-19.65770042
196.8926576	-0.661656613	141.2703363	-19.70467651
196.8860427	-0.683984311	141.068127	-19.7499461
196.8791523	-0.705578476	140.8652111	-19.79351003
196.8719872	-0.726448372	140.6615911	-19.83536756
196.8645486	-0.746603013	140.4572694	-19.87551666
196.8568374	-0.766051209	140.2522491	-19.91395423
196.8488549	-0.784801634	140.0465335	-19.95067638
196.8406018	-0.802862893	139.8401263	-19.98567873
196.8320794	-0.820243596	139.6330317	-20.01895673
196.8232885	-0.836952437	139.4252542	-20.05050593
196.8142325	-0.85299828	139.2168051	-20.08032232
196.8049218	-0.868390252	139.0077161	-20.10840272
196.7953683	-0.883137826	138.7980224	-20.13474501
196.7855839	-0.897250914	138.5877592	-20.15934856
196.7755803	-0.910739944	138.3769614	-20.18221445
196.7653693	-0.923615938	138.1656637	-20.20334579
196.7549628	-0.935890581	137.9539006	-20.222748
196.7443724	-0.947576289	137.7417062	-20.24042905
196.73361	-0.958686269	137.5291146	-20.25639968
196.7226873	-0.969234571	137.3161596	-20.27067365
196.7116159	-0.979236143	137.1028747	-20.28326796
196.7004075	-0.988706868	136.8892931	-20.294203
196.6890737	-0.997663607	136.6754479	-20.30350275
196.6776263	-1.006124231	136.4613719	-20.31119493
196.6660767	-1.014107641	136.2470976	-20.31731118
196.6544367	-1.021633796	136.0326572	-20.32188714
196.642718	-1.028723719	135.8180866	-20.32496258
196.6309345	-1.035399508	135.6034391	-20.32658153
196.6191003	-1.041684331	135.3887737	-20.32679229
196.6072295	-1.047602418	135.1741495	-20.32564751
196.5953363	-1.053179039	134.9596254	-20.32320415
196.5834347	-1.058440472	134.7452603	-20.31952342
196.5715385	-1.063413965	134.5311131	-20.31467068
196.5596617	-1.068127684	134.3172427	-20.30871534
196.5478182	-1.072610652	134.1037079	-20.30173059
196.5360216	-1.076892674	133.8905676	-20.29379323
196.5242858	-1.08100426	133.6778803	-20.28498337
196.5126243	-1.084976522	133.4657048	-20.27538409
196.5010507	-1.088841076	133.2540996	-20.26508105
196.4895787	-1.09262992	133.0431235	-20.25416213
196.4782217	-1.096375305	132.8328348	-20.24271687
196.4669932	-1.100109595	132.623292	-20.23083601
196.4559047	-1.103865109	132.414545	-20.21861088
196.4449525	-1.107673961	132.2065771	-20.2061328
196.4341256	-1.111567888	131.9993393	-20.19349243
196.4234131	-1.115578086	131.7927819	-20.18077922
196.4128044	-1.119735059	131.586855	-20.16808078
196.4022885	-1.124068474	131.3815082	-20.15548244
196.3918549	-1.12860702	131.1766908	-20.14306679
196.3814931	-1.133378289	130.9723518	-20.13091323
196.3711925	-1.138408647	130.7684396	-20.11909763
196.3609427	-1.143723133	130.5649025	-20.10769204
196.3507333	-1.149345344	130.3616883	-20.09676439
196.3405541	-1.155297347	130.1587445	-20.08637827
196.3303949	-1.161599586	129.9560182	-20.07659277
196.3202455	-1.168270798	129.7534561	-20.06746234
196.3100959	-1.175327935	129.5510047	-20.05903671
196.299936	-1.182786097	129.34861	-20.05136082
196.2897549	-1.190658461	129.1462196	-20.04447486
196.2795329	-1.19895623	128.9437985	-20.0384143
196.269245	-1.207688578	128.7413221	-20.03320998
196.2588662	-1.216862626	128.5387666	-20.02888818
196.2483716	-1.226483425	128.3361088	-20.02547076
196.2377361	-1.23655397	128.1333263	-20.02297531
196.2269345	-1.24707522	127.9303974	-20.02141523
196.2159418	-1.258046155	127.727301	-20.02079995
196.2047327	-1.269463833	127.5240168	-20.02113508
196.193282	-1.281323487	127.320525	-20.02242255
196.1815645	-1.293618624	127.1168068	-20.02466085
196.1695548	-1.306341155	126.9128438	-20.02784518
196.1572274	-1.319481541	126.7086185	-20.03196769
196.1445571	-1.333028961	126.5041137	-20.03701767
196.1315182	-1.346971496	126.2993133	-20.04298178
196.1180852	-1.361296341	126.0942016	-20.04984427
196.1042338	-1.375990028	125.8887638	-20.05758721
196.0899634	-1.391038677	125.6829906	-20.06619074
196.0752933	-1.406428246	125.4768762	-20.07563331
196.0602433	-1.422144775	125.2704146	-20.0858919
196.0448335	-1.438174609	125.0635995	-20.09694227
196.0290837	-1.454504594	124.8564237	-20.10875922
196.0130138	-1.471122257	124.6488799	-20.12131676
195.9966438	-1.488015961	124.4409602	-20.13458841
195.9799937	-1.505175037	124.2326564	-20.14854739
195.9630834	-1.522589895	124.0239596	-20.1631669
195.945933	-1.540252114	123.8148607	-20.17842029
195.9285625	-1.558154511	123.6053499	-20.19428134
195.910992	-1.576291181	123.3954174	-20.21072449
195.8932416	-1.594657529	123.1850525	-20.22772511
195.8753314	-1.613250266	122.9742443	-20.24525968
195.8572817	-1.632067392	122.7629816	-20.26330611
195.8391123	-1.651108155	122.5512532	-20.28184398
195.8208326	-1.670372992	122.3390686	-20.30085476
195.8024388	-1.689863445	122.1264639	-20.32032214
195.7839262	-1.709582088	121.9134771	-20.34023219
195.7652902	-1.729532436	121.7001465	-20.36057358
195.7465262	-1.749718872	121.4865106	-20.38133774
195.7276294	-1.770146568	121.2726085	-20.40251898
195.7085954	-1.790821406	121.0584794	-20.42411451
195.6894195	-1.811749909	120.8441626	-20.44612451
195.670097	-1.832939169	120.6296982	-20.4685521
195.6506235	-1.854396775	120.415126	-20.49140328
195.6309942	-1.87613075	120.2004866	-20.51468685
195.6112048	-1.898149478	119.9858206	-20.53841422
195.5912505	-1.920461647	119.7711689	-20.56259928
195.5711268	-1.943076183	119.5565728	-20.58725814
195.5508292	-1.966002189	119.3420737	-20.61240884
195.5303532	-1.989248884	119.1277127	-20.63807107
195.5096927	-2.012825549	118.9135001	-20.66426579
195.4888394	-2.036741465	118.699401	-20.69101483
195.4677851	-2.061005863	118.4853769	-20.71834053
195.4465212	-2.085627877	118.2713893	-20.74626537
195.4250394	-2.110616497	118.0573992	-20.77481165
195.4033311	-2.135980531	117.8433677	-20.80400119
195.3813878	-2.161728572	117.6292559	-20.83385508
195.359201	-2.187868963	117.4150245	-20.86439343
195.3367621	-2.214409779	117.2006342	-20.89563518
195.3140625	-2.241358796	116.9860456	-20.92759795
195.2910934	-2.26872348	116.771219	-20.96029785
195.2678463	-2.296510973	116.5561149	-20.99374941
195.2443125	-2.324728083	116.3406932	-21.02796551
195.220483	-2.353381279	116.1249142	-21.0629573
195.1963491	-2.382476691	115.9087378	-21.09873422
195.1719021	-2.412020114	115.6921238	-21.13530398
195.1471388	-2.442017017	115.4750462	-21.17267264
195.1220694	-2.472472546	115.2575101	-21.21084464
195.0967055	-2.503391527	115.0395244	-21.2498229
195.0710589	-2.534778451	114.8210979	-21.28960887
195.0451415	-2.566637443	114.6022393	-21.33020255
195.0189654	-2.59897222	114.3829569	-21.37160254
194.9925424	-2.631786024	114.1632591	-21.41380603
194.9658847	-2.665081545	113.943154	-21.45680879
194.9390044	-2.698860829	113.7226493	-21.50060519
194.9119139	-2.733125162	113.501753	-21.54518809
194.8846255	-2.767874948	113.2804725	-21.59054884
194.8571516	-2.803109558	113.0588153	-21.63667718
194.8295046	-2.838827175	112.8367886	-21.68356117
194.8016972	-2.875024612	112.6143995	-21.73118709
194.773742	-2.911697117	112.3916548	-21.77953931
194.7456519	-2.948838165	112.1685612	-21.82860018
194.7174279	-2.986439227	111.9451172	-21.87834988
194.6890319	-3.024489533	111.7212934	-21.92876629
194.6604171	-3.062975853	111.4970549	-21.97982479
194.6315367	-3.101882305	111.2723677	-22.03149823
194.6023438	-3.141190203	111.0471985	-22.08375676
194.5727916	-3.180877953	110.8215147	-22.13656781
194.5428331	-3.220920982	110.5952843	-22.18989603
194.5124214	-3.26129171	110.368476	-22.24370327
194.4815095	-3.301959571	110.1410594	-22.29794861
194.4500504	-3.342891064	109.9130045	-22.35258839
194.417997	-3.384049855	109.6842823	-22.40757626
194.3853023	-3.425396922	109.4548643	-22.46286325
194.351919	-3.466890733	109.2247229	-22.51839792
194.3178002	-3.50848748	108.9938309	-22.57412648
194.2828984	-3.550141351	108.7621622	-22.62999291
194.2471666	-3.591804845	108.5296909	-22.68593918
194.21057	-3.633429133	108.2963981	-22.74190545
194.1731244	-3.674964454	108.0622883	-22.79783027
194.1348587	-3.716360522	107.8273719	-22.85365083
194.0958014	-3.757566911	107.5916592	-22.90930319
194.0559815	-3.798533422	107.3551601	-22.96472246
194.0154277	-3.839210421	107.1178845	-23.01984304
193.974169	-3.879549148	106.8798421	-23.07459881
193.9322342	-3.919502007	106.6410423	-23.12892335
193.8896525	-3.959022832	106.4014944	-23.18275007
193.8464528	-3.998067117	106.1612075	-23.23601244
193.8026642	-4.036592243	105.9201907	-23.28864417
193.7583159	-4.074557662	105.6784527	-23.34057937
193.7134372	-4.111925069	105.4360021	-23.39175273
193.6680571	-4.148658548	105.1928474	-23.44209969
193.6222052	-4.184724699	104.948997	-23.49155662
193.5759106	-4.22009274	104.704459	-23.540061
193.5292021	-4.254734584	104.4592436	-23.58755155
193.4821031	-4.288624907	104.2133759	-23.63396848
193.4346348	-4.321741184	103.9668862	-23.67925358
193.3868188	-4.354063725	103.719805	-23.72335041
193.3386763	-4.385575682	103.4721628	-23.76620442
193.2902286	-4.41626306	103.2239897	-23.80776308
193.2414969	-4.446114701	102.9753159	-23.84797598
193.1925024	-4.475122266	102.7261713	-23.88679488
193.1432663	-4.503280202	102.4765859	-23.92417382
193.0938097	-4.530585691	102.2265894	-23.96006914
193.0441536	-4.557038597	101.9762114	-23.99443954
192.9943192	-4.582641395	101.7254814	-24.0272461
192.9443274	-4.60739909	101.4744289	-24.05845227
192.8941991	-4.631319123	101.223083	-24.08802389
192.8439552	-4.654411266	100.9714728	-24.1159292
192.7936166	-4.676687506	100.7196272	-24.14213874
192.7432034	-4.698161917	100.4675743	-24.1666254
192.6927296	-4.71885052	100.2153328	-24.18936429
192.6422052	-4.738771133	99.96291586	-24.21033276
192.5916403	-4.757943224	99.71033642	-24.22951032
192.5410449	-4.776387752	99.45760733	-24.24687857
192.4904292	-4.794127011	99.20474128	-24.2624212
192.4398032	-4.811184475	98.95175083	-24.27612394
192.3891771	-4.827584631	98.69864844	-24.28797451
192.3385611	-4.843352817	98.44544641	-24.29796263
192.2879653	-4.858515055	98.19215691	-24.30608
192.2374	-4.873097877	97.93879199	-24.31232026
192.1868753	-4.887128151	97.68536355	-24.31667902
192.1364017	-4.900632903	97.43188337	-24.31915385
192.0859892	-4.913639129	97.17836308	-24.3197443
192.0356483	-4.926173613	96.92481419	-24.31845191
191.9853893	-4.938262729	96.67124804	-24.31528024
191.9352205	-4.949932244	96.4176762	-24.31023491
191.8851254	-4.961207118	96.16411443	-24.30332366
191.8350699	-4.97211131	95.91058173	-24.29455633
191.7850194	-4.982667615	95.65709738	-24.28394501
191.7349394	-4.992897536	95.40368097	-24.27150398
191.6847951	-5.002821183	95.15035229	-24.25724988
191.6345519	-5.012457228	94.89713142	-24.24120163
191.5841751	-5.021822872	94.64403866	-24.22338059
191.5336298	-5.030933873	94.39109452	-24.20381054
191.4828814	-5.039804588	94.13831976	-24.18251775
191.4318949	-5.048448069	93.88573535	-24.15953099
191.3806354	-5.056876181	93.63336245	-24.13488162
191.3290681	-5.065099767	93.38122242	-24.10860359
191.2771579	-5.073128838	93.1293368	-24.08073347
191.2248699	-5.080972809	92.8777273	-24.05131051
191.1721689	-5.088640764	92.6264158	-24.0203766
191.1190215	-5.096141757	92.37542472	-23.98797637
191.065433	-5.103485149	92.12478667	-23.95415711
191.0114493	-5.110680949	91.87454436	-23.91896884
190.9571183	-5.117740146	91.62474028	-23.88246424
190.9024876	-5.124674988	91.37541622	-23.84469863
190.8476049	-5.131499229	91.1266132	-23.80572985
190.7925176	-5.13822832	90.87837155	-23.76561822
190.737273	-5.144879565	90.63073088	-23.72442632
190.6819185	-5.151472225	90.38373012	-23.68221891
190.626501	-5.158027584	90.13740748	-23.6390627
190.5710676	-5.164568961	89.8918005	-23.59502615
190.5156651	-5.171121689	89.64694603	-23.55017921
190.4603403	-5.177713038	89.40288026	-23.50459307
190.4051399	-5.184372101	89.15963873	-23.45833988
190.3501104	-5.191129627	88.9172563	-23.41149239
190.2952982	-5.198017818	88.67576722	-23.36412362
190.2407493	-5.205070071	88.43520471	-23.31630648
190.1864866	-5.21232068	88.19557849	-23.26811338
190.132497	-5.21980451	87.95686218	-23.2196158
190.0787642	-5.227556656	87.71902648	-23.17088388
190.025272	-5.235612114	87.48204234	-23.12198606
189.9720043	-5.244005465	87.24588094	-23.0729887
189.918945	-5.252770572	87.0105137	-23.02395581
189.866078	-5.261940286	86.77591228	-22.9749487
189.8133873	-5.27154617	86.54204856	-22.92602578
189.760857	-5.281618226	86.30889467	-22.87724227
189.7084711	-5.292184638	86.07642294	-22.82865002
189.6562138	-5.30327153	85.84460595	-22.7802973
189.6040692	-5.314902723	85.61341648	-22.73222869
189.5520216	-5.327099514	85.38282757	-22.68448489
189.500055	-5.339880455	85.15281243	-22.63710263
189.4481539	-5.35326115	84.92334453	-22.59011458
189.3963024	-5.367254055	84.69439746	-22.5435493
189.3444727	-5.381868289	84.46593776	-22.49743113
189.292615	-5.397109469	84.23791926	-22.45178027
189.2406775	-5.412979562	84.01029519	-22.4066127
189.1886083	-5.429476793	83.78301962	-22.36194027
189.1363557	-5.446595581	83.55604748	-22.31777082
189.0838683	-5.464326535	83.3293345	-22.27410826
189.0310945	-5.482656476	83.10283727	-22.23095275
188.9779831	-5.501568519	82.87651318	-22.18830095
188.9244831	-5.521042186	82.65032047	-22.1461462
188.8705432	-5.541053571	82.42421819	-22.10447884
188.8161128	-5.561575539	82.19816621	-22.0632865
188.7611411	-5.582577982	81.97212521	-22.02255447
188.7055775	-5.604028105	81.7460567	-21.98226603
188.6493716	-5.625890766	81.519923	-21.94240295
188.5924732	-5.648128854	81.29368726	-21.90294584
188.5348323	-5.670703715	81.06731348	-21.86387469
188.476421	-5.69357562	80.84079267	-21.82516935
188.4172738	-5.716704258	80.61418972	-21.78681006
188.3574358	-5.740049231	80.38758171	-21.74877792
188.2969518	-5.76357051	80.16104511	-21.71105534
188.2358667	-5.78722884	79.93465572	-21.67362635
188.1742252	-5.810986114	79.70848869	-21.63647692
188.1120718	-5.834805688	79.48261848	-21.59959509
188.0494509	-5.858652662	79.25711892	-21.56297116
187.9864069	-5.882494113	79.03206316	-21.52659768
187.9229838	-5.906299288	78.80752367	-21.49046945
187.8592256	-5.930039751	78.58357228	-21.45458342
187.795176	-5.953689488	78.36028013	-21.41893849
187.7308789	-5.977224979	78.13771773	-21.38353532
187.6663775	-6.000625214	77.91595492	-21.34837597
187.6017153	-6.023871683	77.69506088	-21.31346352
187.5369354	-6.046948313	77.47510416	-21.27880166
187.4720722	-6.069841377	77.25612921	-21.24439412
187.4071216	-6.092539362	77.03807645	-21.21024412
187.3420689	-6.115032825	76.82085793	-21.17635383
187.2768996	-6.137314267	76.60438609	-21.14272382
187.2115991	-6.159378005	76.38857375	-21.10935267
187.1461527	-6.181220077	76.17333411	-21.07623663
187.0805459	-6.202838151	75.95858073	-21.04336936
187.0147642	-6.22423146	75.74422755	-21.01074171
186.9487929	-6.245400743	75.53018891	-20.97834167
186.8826177	-6.266348209	75.31637949	-20.94615432
186.8162239	-6.28707752	75.10271438	-20.91416192
186.7495971	-6.30759378	74.88910903	-20.88234403
186.6827228	-6.327903549	74.67547929	-20.8506777
186.6155866	-6.34801487	74.46174138	-20.81913784
186.5481739	-6.367937311	74.24781194	-20.78769755
186.4804703	-6.387682026	74.03360799	-20.75632857
186.4124668	-6.407261826	73.8190642	-20.72500186
186.3441819	-6.426691268	73.60420576	-20.69368816
186.2756432	-6.445986732	73.38908721	-20.66235861
186.2068787	-6.465166491	73.17376297	-20.63098537
186.1379163	-6.484250743	72.95828729	-20.59954209
186.068784	-6.503261628	72.74271428	-20.56800449
185.9995101	-6.522223216	72.52709788	-20.53635068
185.9301228	-6.541161462	72.31149187	-20.50456164
185.8606506	-6.560104147	72.09594987	-20.4726215
185.7911221	-6.57908078	71.88052533	-20.44051781
185.7215658	-6.598122481	71.66527154	-20.4082418
185.6520106	-6.617261828	71.45024163	-20.37578858
185.5824854	-6.636532686	71.23548855	-20.34315719
185.5130192	-6.655969998	71.02106507	-20.31035077
185.4436411	-6.67560955	70.80702381	-20.27737654
185.3743804	-6.695487709	70.59341721	-20.24424583
185.3052629	-6.71564113	70.38029707	-20.21097394
185.2362861	-6.73610643	70.16771111	-20.1775801
185.1674324	-6.756919861	69.95570475	-20.14408729
185.0986839	-6.778116977	69.74432302	-20.11052201
185.0300227	-6.799732317	69.53361059	-20.07691407
184.9614306	-6.821799104	69.32361172	-20.04329627
184.8928889	-6.844348951	69.11437033	-20.00970409
184.8243789	-6.86741159	68.90592996	-19.97617532
184.7558818	-6.8910146	68.69833378	-19.94274962
184.6873782	-6.915183164	68.49162461	-19.90946808
184.6188487	-6.939939827	68.28584489	-19.87637274
184.5502737	-6.965304272	68.0810367	-19.843506
184.4816333	-6.991293107	67.8772418	-19.81091005
184.4129073	-7.01791967	67.67450154	-19.77862629
184.3440753	-7.045193838	67.47285699	-19.74669459
184.2751167	-7.073121857	67.27234881	-19.71515261
184.2060094	-7.101706185	67.07301127	-19.68403505
184.1367112	-7.130945343	66.87478879	-19.65337286
184.067165	-7.160833801	66.67755827	-19.62319245
183.9973138	-7.191361899	66.4811959	-19.59351497
183.927101	-7.222515814	66.28557885	-19.56435579
183.85647	-7.254277577	66.09058526	-19.53572392
183.7853649	-7.286625143	65.89609421	-19.50762171
183.7137299	-7.319532496	65.70198577	-19.48004458
183.6415097	-7.352969817	65.50814094	-19.45298084
183.5686491	-7.38690369	65.31444167	-19.42641171
183.4950936	-7.421297362	65.12077087	-19.40031133
183.4207888	-7.456111041	64.92701243	-19.374647
183.345681	-7.491302258	64.73305118	-19.34937943
183.2697165	-7.526826259	64.53877296	-19.32446314
183.1928422	-7.562636458	64.3440646	-19.29984696
183.1150057	-7.598684933	64.14881395	-19.27547465
183.0361577	-7.634922966	63.95291485	-19.25128562
182.9563069	-7.671301637	63.75635403	-19.2272157
182.8755125	-7.707772415	63.55919906	-19.20319803
182.793835	-7.744287734	63.36151958	-19.17916388
182.711335	-7.780801507	63.16338452	-19.15504343
182.6280728	-7.817269585	62.96486204	-19.13076651
182.5441084	-7.853650151	62.76601955	-19.10626318
182.4595017	-7.88990407	62.56692373	-19.08146439
182.3743123	-7.925995166	62.36764047	-19.05630243
182.2885995	-7.961890456	62.16823489	-19.03071143
182.2024225	-7.997560321	61.96877133	-19.00462776
182.11584	-8.032978624	61.76931337	-18.97799035
182.0289106	-8.068122776	61.56992377	-18.950741
181.9416926	-8.10297374	61.37066453	-18.92282456
181.8542439	-8.137515996	61.17159686	-18.89418919
181.7666223	-8.171737436	60.97278117	-18.86478639
181.6788844	-8.20562922	60.77427662	-18.83457115
181.5910578	-8.239185572	60.57612214	-18.80350191
181.5031325	-8.272403554	60.37833103	-18.77154061
181.4150956	-8.30528282	60.18091533	-18.73865258
181.3269344	-8.337825389	59.98388756	-18.70480657
181.2386361	-8.37003543	59.78726074	-18.66997471
181.1501882	-8.401919068	59.59104834	-18.63413239
181.0615778	-8.433484195	59.39526432	-18.59725831
180.9727924	-8.464740311	59.19992311	-18.55933437
180.8838191	-8.495698364	59.00503959	-18.52034563
180.7946454	-8.526370621	58.8106291	-18.48028029
180.7052587	-8.556770542	58.61670743	-18.43912956
180.6156462	-8.586912677	58.42329081	-18.39688767
180.5257955	-8.616812571	58.23039589	-18.35355174
180.4356939	-8.64648669	58.03803975	-18.30912175
180.3453288	-8.675952361	57.84623989	-18.26360044
180.2546878	-8.705227718	57.65501422	-18.21699323
180.1637648	-8.734331674	57.46438229	-18.16930813
180.0725665	-8.763283892	57.27436623	-18.12055563
180.0188988	-8.792101736	57.0849881	-18.0707486
179.8893769	-8.820791151	56.89626959	-18.0199022
179.7974019	-8.849358751	56.70823206	-17.96803369
179.7051842	-8.877823899	56.5208965	-17.91516234
179.612732	-8.906209569	56.33428355	-17.86130928
179.5200534	-8.934539264	56.14841352	-17.80649731
179.4271563	-8.962836953	55.96330639	-17.75075074
179.3340488	-8.991127006	55.77898179	-17.69409525
179.2407388	-9.019434116	55.59545906	-17.63655764
179.1472344	-9.047783219	55.41275721	-17.57816567
179.0535434	-9.0761994	55.23089497	-17.51894784
178.9596737	-9.104707798	55.04989075	-17.45893319
178.8656332	-9.133333496	54.86976268	-17.39815105
178.7714297	-9.162101408	54.69052858	-17.33663078
178.6770652	-9.191036153	54.51219532	-17.27440161
178.5825285	-9.220161928	54.33474487	-17.21149228
178.4878064	-9.249502379	54.15815554	-17.1479309
178.3928853	-9.279080488	53.98240553	-17.08374468
178.297752	-9.308918462	53.80747288	-17.01895974
178.2023928	-9.339037637	53.6333355	-16.95360102
178.1067942	-9.369458397	53.45997119	-16.88769204
178.0109423	-9.400200089	53.2873576	-16.82125491
177.9148234	-9.431280966	53.11547225	-16.75431017
177.8184235	-9.462718127	52.94429256	-16.68687676
177.7217286	-9.494527474	52.7737958	-16.61897203
177.6247246	-9.526723672	52.60395913	-16.55061169
177.5273972	-9.559320128	52.43475957	-16.48180989
177.4297322	-9.592328975	52.26617405	-16.41257923
177.3317151	-9.625761059	52.09817936	-16.34293088
177.2333315	-9.659625953	51.93075217	-16.27287466
177.1345678	-9.69393196	51.76387591	-16.20241921
177.0354154	-9.728686141	51.59755898	-16.1315721
176.9358664	-9.763894341	51.43181568	-16.06034004
176.8359129	-9.799561221	51.26666068	-15.98872899
176.7355472	-9.835690296	51.10210894	-15.91674437
176.6347615	-9.872283966	50.93817578	-15.84439114
176.5335481	-9.909343566	50.77487677	-15.77167397
176.4318992	-9.946869402	50.61222783	-15.69859733
176.329807	-9.984860802	50.45024513	-15.62516563
176.227264	-10.02331617	50.28894515	-15.55138326
176.1242624	-10.06223301	50.12834461	-15.47725473
176.0207944	-10.10160804	49.96846051	-15.40278469
175.9168526	-10.14143719	49.80931009	-15.32797801
175.8124291	-10.18171568	49.65091081	-15.25283984
175.7075165	-10.22243811	49.49328038	-15.17737559
175.602107	-10.2635985	49.33643669	-15.101591
175.4961938	-10.30519034	49.18039581	-15.02549212
175.3897739	-10.34720672	49.02516209	-14.94908527
175.2828456	-10.38964036	48.87073554	-14.87237709
175.1754073	-10.43248368	48.71711601	-14.79537446
175.0674571	-10.47572887	48.56430316	-14.71808453
174.9589935	-10.51936799	48.41229653	-14.64051467
174.8500147	-10.56339298	48.26109546	-14.56267251
174.740519	-10.60779576	48.11069919	-14.4845659
174.6305044	-10.65256826	47.9611068	-14.40620293
174.5199694	-10.6977025	47.81231726	-14.32759191
174.4089119	-10.74319064	47.6643294	-14.2487414
174.2973302	-10.78902503	47.51714194	-14.16966021
174.1852225	-10.83519824	47.37075352	-14.09035742
174.0725867	-10.88170316	47.22516265	-14.01084239
173.9594211	-10.92853298	47.08036777	-13.93112477
173.8457236	-10.9756813	46.93636724	-13.85121454
173.7314931	-11.02314214	46.79316176	-13.77112207
173.6167331	-11.07091	46.65076874	-13.69085806
173.5014495	-11.11897986	46.50921272	-13.61043365
173.385648	-11.16734728	46.3685184	-13.52986037
173.2693345	-11.21600835	46.22871067	-13.44915017
173.1525152	-11.26495975	46.08981455	-13.36831532
173.0351961	-11.31419876	45.95185523	-13.2873684
172.9173835	-11.36372321	45.81485803	-13.20632218
172.7990835	-11.41353152	45.6788484	-13.12518955
172.6803028	-11.46362265	45.54385196	-13.04398334
172.5610476	-11.51399608	45.40989441	-12.96271621
172.4413247	-11.56465176	45.27700161	-12.88140043
172.3211408	-11.61559008	45.14519951	-12.8000477
172.2005026	-11.6668118	45.01451419	-12.71866895
172.079417	-11.71831799	44.8849718	-12.63727401
171.9578911	-11.77010995	44.75659861	-12.5558714
171.8359306	-11.82218913	44.62941708	-12.47446801
171.7135279	-11.87455704	44.50340515	-12.39306877
171.5906662	-11.92721512	44.37851236	-12.31167633
171.4673287	-11.98016471	44.25468774	-12.23029076
171.3434988	-12.03340695	44.13188032	-12.14890936
171.2191598	-12.0869427	44.01003907	-12.06752639
171.0942949	-12.14077251	43.88911297	-11.98613299
170.9688877	-12.19489661	43.76905095	-11.90471704
170.8429215	-12.24931484	43.64980192	-11.82326314
170.7163798	-12.30402666	43.53131478	-11.7417526
170.5892461	-12.35903118	43.41353841	-11.66016351
170.4615039	-12.41432715	43.29642166	-11.57847082
170.3331368	-12.46991298	43.17991338	-11.49664649
170.2041285	-12.52578682	43.0639624	-11.41465974
170.0744626	-12.5819466	42.94851753	-11.33247723
169.944123	-12.63839007	42.8335276	-11.25006343
169.813094	-12.69511494	42.71894354	-11.16738094
169.6813767	-12.75211891	42.60476153	-11.08439087
169.548987	-12.80939981	42.4910206	-11.00105335
169.4159415	-12.86695568	42.3777611	-10.91732784
169.2822557	-12.92478481	42.26502292	-10.83317361
169.1479453	-12.98288584	42.15284558	-10.74855001
169.0130251	-13.04125775	42.04126814	-10.66341684
168.8775097	-13.09989988	41.93032926	-10.57773464
168.7414129	-13.15881197	41.82006719	-10.49146488
168.6047485	-13.21799409	41.71051977	-10.40457024
168.4675294	-13.27744664	41.6017244	-10.31701477
168.3297683	-13.33717029	41.49371813	-10.22876407
168.1914772	-13.39716593	41.38653755	-10.1397854
168.0526678	-13.45743455	41.2802189	-10.05004777
167.913351	-13.51797722	41.17479801	-9.959522045
167.7735377	-13.5787949	41.07031034	-9.868180981
167.6332374	-13.63988838	40.96679049	-9.775999231
167.4924516	-13.70125815	40.86426025	-9.682953353
167.3511729	-13.76290421	40.76272771	-9.589021784
167.2093937	-13.82482598	40.66220066	-9.49418481
167.067107	-13.88702215	40.56268729	-9.398424538
166.9243061	-13.94949055	40.46419623	-9.301724868
166.7809848	-14.012228	40.3667365	-9.204071463
166.6371374	-14.07523024	40.27031753	-9.105451728
166.4927585	-14.13849174	40.17494918	-9.00585478
166.3478431	-14.20200564	40.08064172	-8.905271426
166.2023869	-14.26576361	39.98740584	-8.803694136
166.0563859	-14.32975574	39.89525263	-8.701117017
165.9098365	-14.39397041	39.8041936	-8.59753579
165.7627356	-14.45839422	39.71424068	-8.492947761
165.6150807	-14.52301185	39.62540622	-8.387351792
165.4668696	-14.58780593	39.53770296	-8.280748274
165.3181005	-14.652757	39.45114408	-8.173139092
165.1687651	-14.71784333	39.36574301	-8.064527592
165.0188435	-14.78304087	39.28151285	-7.954918543
164.8683143	-14.84832311	39.19846614	-7.844318101
164.7171555	-14.91366106	39.1166148	-7.73273376
164.5653451	-14.97902314	39.03597016	-7.620174315
164.4128602	-15.04437519	38.95654291	-7.506649812
164.259678	-15.10968043	38.87834311	-7.392171501
164.1057748	-15.1748995	38.80138014	-7.276751794
163.9511269	-15.23999045	38.72566269	-7.160404214
163.7957099	-15.30490883	38.65119876	-7.043143349
163.639499	-15.36960778	38.57799561	-6.92498481
163.4824691	-15.43403809	38.50605975	-6.805945187
163.3245946	-15.49814837	38.43539692	-6.686042008
163.1658495	-15.56188522	38.36601205	-6.565293699
163.0062073	-15.62519335	38.29790928	-6.443719552
162.845641	-15.6880159	38.23109186	-6.321339697
162.6841329	-15.75029459	38.16556453	-6.19817507
162.5216891	-15.81197004	38.10133742	-6.074247396
162.3583192	-15.87298205	38.03842165	-5.949579164
162.1940328	-15.93326987	37.97682847	-5.824193608
162.0288393	-15.99277248	37.91656927	-5.698114673
161.862748	-16.05142886	37.85765562	-5.571366991
161.6957681	-16.1091783	37.80009927	-5.443975842
161.5279085	-16.16596064	37.74391218	-5.315967115
161.3591782	-16.22171655	37.68910654	-5.187367265
161.1895858	-16.27638783	37.63569476	-5.05820326
161.01914	-16.32991768	37.58368953	-4.92850253
160.8478491	-16.38225096	37.53310381	-4.7982929
160.6757216	-16.43333451	37.48395084	-4.667602521
160.5027655	-16.48311741	37.43624421	-4.536459795
160.3289889	-16.53155127	37.38999778	-4.40489329
160.1543995	-16.57859058	37.34522581	-4.272931645
159.9790169	-16.62419294	37.30193813	-4.140603465
159.8028955	-16.6683194	37.26013094	-4.007937216
159.6260964	-16.71093476	37.2197986	-3.874961115
159.4486815	-16.75200776	37.18093624	-3.741703026
159.2707131	-16.79151131	37.1435398	-3.608190367
159.0922541	-16.82942266	37.10760603	-3.474450025
158.9133678	-16.86572346	37.07313251	-3.340508272
158.734118	-16.90039988	37.04011764	-3.20639069
158.5545693	-16.93344259	37.00856064	-3.0721221
158.3747865	-16.96484674	36.97846161	-2.937726493
158.1948351	-16.99461191	36.94982144	-2.803226961
158.0147809	-17.02274196	36.92264192	-2.668645631
157.8346906	-17.04924489	36.89692566	-2.534003601
157.6546311	-17.07413262	36.87267613	-2.399320867
157.4746698	-17.0974207	36.84989766	-2.264616257
157.2948747	-17.11912807	36.82859544	-2.129907354
157.1153019	-17.13927662	36.8087701	-1.995210422
156.9359493	-17.15789084	36.79039771	-1.860540324
156.7567982	-17.17499741	36.77344722	-1.725910458
156.5778303	-17.1906248	36.75788776	-1.59133271
156.3990276	-17.20480294	36.7436887	-1.456817446
156.2203725	-17.21756285	36.73081957	-1.322373521
156.0418478	-17.22893639	36.71925014	-1.188008326
155.8634366	-17.238956	36.70895036	-1.053727861
155.6851226	-17.24765442	36.69989037	-0.919536832
155.5068896	-17.25506457	36.69204052	-0.785438782
155.3287219	-17.26121929	36.68537137	-0.651436248
155.1506044	-17.26615127	36.67985363	-0.517530942
154.9725222	-17.26989288	36.67545826	-0.383723964
154.7944606	-17.27247611	36.67215637	-0.25001604
154.6164058	-17.2739325	36.66991929	-0.116407784
154.4383441	-17.27429308	36.66871854	0.017100006
154.260265	-17.27358839	36.66853271	0.150506031
154.08218	-17.27184847	36.66939225	0.283808159
153.90411	-17.26910287	36.67135107	0.41700309
153.7260759	-17.26538065	36.67446299	0.550086067
153.5480981	-17.26071042	36.67878165	0.683050632
153.3701969	-17.25512031	36.68436043	0.81588844
153.1923919	-17.24863795	36.69125253	0.948589122
153.0147029	-17.24129044	36.6995109	1.0811402
152.837149	-17.23310433	36.70918825	1.21352706
152.6597491	-17.22410557	36.72033708	1.345732969
152.4825218	-17.21431942	36.73300961	1.477739152
152.3054854	-17.20377042	36.74725782	1.609524916
152.1286579	-17.19248231	36.76313344	1.741067827
151.9520567	-17.1804779	36.78068791	1.872343943
151.7756992	-17.16777904	36.79997243	2.003328093
151.5996024	-17.15440646	36.82103791	2.133994214
151.4237807	-17.14037968	36.84392872	2.264315733
151.2482287	-17.12571686	36.86863245	2.394265998
151.0729306	-17.11043472	36.89510634	2.52381873
150.8978708	-17.0945484	36.92330724	2.652948442
150.7230333	-17.0780714	36.95319182	2.781630842
150.5484026	-17.06101549	36.98471659	2.909843183
150.3739631	-17.04339071	37.01783789	3.037564585
150.1996992	-17.02520529	37.05251193	3.164776315
150.0255954	-17.00646569	37.08869474	3.291462034
149.8516364	-16.98717662	37.1263422	3.417608001
149.677807	-16.96734106	37.16541004	3.543203245
149.5040918	-16.94696032	37.20585383	3.668239699
149.3304757	-16.92603414	37.24762901	3.792712295
149.1569437	-16.90456078	37.29069085	3.916619021
148.9834809	-16.88253713	37.33499449	4.039960946
148.8100723	-16.85995887	37.38049492	4.162742199
148.6367045	-16.8368206	37.42714789	4.28496992
148.4633843	-16.81311605	37.47492317	4.406654166
148.2901352	-16.78883825	37.52380233	4.527807796
148.1169809	-16.7639797	37.57376803	4.648446327
147.9439453	-16.73853254	37.62480374	4.768587789
147.7710525	-16.7124887	37.67689375	4.888252558
147.5983264	-16.68584001	37.73002316	5.007463183
147.4257911	-16.65857832	37.7841779	5.126244207
147.2534708	-16.63069562	37.83934474	5.244621969
147.0813896	-16.60218405	37.8955113	5.362624408
146.9095717	-16.57303603	37.95266607	5.480280851
146.7380414	-16.54324426	38.0107984	5.597621794
146.566823	-16.51280174	38.06989849	5.714678681
146.3959408	-16.48170183	38.12995746	5.831483671
146.2254192	-16.44993816	38.19096728	5.948069398
146.0552825	-16.41750469	38.25292084	6.064468734
145.8855546	-16.3843956	38.31581224	6.180714534
145.7162447	-16.35060527	38.37964741	6.296839391
145.547344	-16.3161282	38.44444536	6.41287538
145.378843	-16.28095893	38.51022529	6.528853828
145.2107327	-16.24509206	38.57700577	6.644805089
145.0430039	-16.20852214	38.64480473	6.760758349
144.8756482	-16.17124371	38.71363948	6.876741441
144.7086571	-16.13325127	38.78352669	6.99278068
144.5420225	-16.0945393	38.85448235	7.108900714
144.3757366	-16.05510233	38.92652179	7.225124391
144.2097918	-16.01493492	38.99965967	7.341472638
144.0441808	-15.97403177	39.07390993	7.457964352
143.8788965	-15.93238778	39.14928582	7.574616314
143.7139322	-15.88999813	39.2257999	7.691443096
143.5492814	-15.84685841	39.30346394	7.808457
143.3849378	-15.80296469	39.38228902	7.925667988
143.2208959	-15.75831371	39.46228542	8.043083636
143.0571636	-15.71290297	39.54346217	8.160709085
142.8937673	-15.6667309	39.62582731	8.278547009
142.7307337	-15.61979701	39.70938898	8.396597578
142.5680891	-15.57210199	39.79415541	8.514858441
142.4058589	-15.52364784	39.88013502	8.633324701
142.2440678	-15.47443793	39.96733638	8.751988904
142.0827396	-15.42447709	40.05576824	8.870841032
141.9218976	-15.37377167	40.14543954	8.989868501
141.7615643	-15.32232958	40.2363594	9.109056171
141.6017613	-15.27016027	40.32853718	9.228386353
141.4425095	-15.21727484	40.42198245	9.347838835
141.2838294	-15.16368592	40.51670502	9.467390904
141.1257402	-15.10940775	40.61271494	9.58701739
140.968261	-15.05445612	40.71002254	9.706690703
140.8114097	-14.99884831	40.80863842	9.82638089
140.6552038	-14.94260308	40.9085735	9.946055699
140.4996584	-14.88574059	41.00984119	10.06568065
140.3447855	-14.82828233	41.11245994	10.18521913
140.1905962	-14.77025106	41.21644915	10.30463247
140.0371023	-14.7116707	41.32182861	10.4238801
139.8843153	-14.65256629	41.42861852	10.54291967
139.7322468	-14.59296384	41.53683947	10.66170721
139.5809085	-14.53289029	41.64651244	10.78019731
139.4303124	-14.47237336	41.7576588	10.89834334
139.2804702	-14.41144147	41.87030032	11.01609766
139.1313939	-14.35012361	41.98445915	11.1334119
138.9830957	-14.2884492	42.10015786	11.25023721
138.8355875	-14.22644799	42.2174194	11.36652458
138.6888815	-14.16414989	42.3362671	11.48222516
138.5429901	-14.10158484	42.45672471	11.59729063
138.3979256	-14.03878264	42.57881636	11.71167358
138.2537002	-13.97577279	42.70256657	11.82532792
138.110322	-13.91258431	42.82798273	11.93820934
137.9677842	-13.84924555	42.95501551	12.05027576
137.8260773	-13.78578402	43.08360389	12.16148779
137.6851922	-13.72222621	43.2136867	12.27180914
137.5451201	-13.65859743	43.34520262	12.38120695
137.4058523	-13.59492166	43.47809016	12.48965216
137.2673808	-13.53122139	43.61228769	12.59711973
137.1296975	-13.46751749	43.74773342	12.70358884
136.9927949	-13.40382908	43.88436542	12.80904311
136.8566655	-13.34017343	44.02212166	12.91347063
136.7213024	-13.2765658	44.16093993	13.0168641
136.5866988	-13.21301939	44.30075794	13.1192208
136.4528482	-13.14954519	44.44151327	13.22054255
136.3197445	-13.08615191	44.58314341	13.32083565
136.1873816	-13.02284587	44.72558574	13.42011073
136.0557539	-12.95963095	44.86877759	13.51838255
135.9248516	-12.89650847	45.01266474	13.61566979
135.794647	-12.83347715	45.15722599	13.71199477
135.6651085	-12.77053302	45.30244835	13.80738311
135.5362047	-12.70766944	45.44831915	13.90186346
135.4079042	-12.64487706	45.5948261	13.99546715
135.2801756	-12.58214385	45.74195722	14.08822787
135.1529878	-12.51945519	45.8897009	14.18018136
135.0263097	-12.45679392	46.03804583	14.27136509
134.9001103	-12.39414051	46.18698106	14.36181789
134.7743587	-12.33147314	46.33649598	14.45157966
134.6490242	-12.26876794	46.48658027	14.54069101
134.5240761	-12.20599916	46.63722397	14.62919292
134.399484	-12.14313942	46.78841745	14.71712639
134.2752173	-12.08015998	46.94015139	14.80453213
134.1512459	-12.01703101	47.09241679	14.89145017
134.0275394	-11.95372198	47.24520498	14.97791952
133.9040751	-11.89020196	47.39851284	15.06397781
133.780873	-11.82644	47.55236925	15.14966094
133.6579696	-11.76240556	47.7068145	15.23500274
133.5354009	-11.69806885	47.86188815	15.32003467
133.4132024	-11.63340114	48.01762898	15.40478555
133.2914096	-11.5683751	48.174075	15.48928132
133.1700575	-11.50296505	48.33126348	15.5735449
133.0491808	-11.43714718	48.48923087	15.657596
132.9288139	-11.3708998	48.64801288	15.74145107
132.8089909	-11.3042035	48.80764446	15.82512314
132.6897455	-11.2370413	48.96815975	15.9086219
132.5711111	-11.16939879	49.12959217	15.9919536
132.4531209	-11.10126419	49.29197434	16.07512114
132.3358076	-11.03262846	49.45533813	16.15812415
132.2192039	-10.96348533	49.61971467	16.24095903
132.1033418	-10.8938313	49.78513431	16.32361915
131.9882529	-10.82366564	49.95162524	16.40609499
131.8739644	-10.75299037	50.11920088	16.48837431
131.7605014	-10.68181017	50.28786671	16.57044241
131.6478887	-10.61013234	50.4576286	16.6522823
131.5361517	-10.53796665	50.62849298	16.73387502
131.4253155	-10.46532527	50.80046678	16.81519978
131.3154056	-10.39222263	50.9735575	16.8962343
131.2064474	-10.31867522	51.14777317	16.97695502
131.0984666	-10.24470147	51.32312235	17.0573374
130.9914887	-10.1703215	51.49961419	17.13735618
130.8855397	-10.09555695	51.67725836	17.21698571
130.7806455	-10.02043072	51.8560651	17.2962002
130.6768321	-9.944966716	52.03604524	17.37497413
130.5741256	-9.86918955	52.21721013	17.45328249
130.4725523	-9.793124273	52.39957173	17.53110119
130.3721386	-9.716796028	52.58314256	17.60840743
130.272907	-9.64022971	52.7679318	17.68518003
130.1748342	-9.563449603	52.95390089	17.7613999
130.0778657	-9.486479021	53.14097899	17.83705034
129.9819467	-9.409339986	53.32909458	17.91211747
129.8870223	-9.332052958	53.5181761	17.98659043
129.7930379	-9.254636616	53.70815192	18.06046164
129.6999388	-9.1771077	53.89895039	18.13372695
129.6076705	-9.099480903	54.09049979	18.20638573
129.5161786	-9.021768811	54.28272838	18.27844087
129.4254087	-8.94398191	54.47556437	18.3498988
129.3353066	-8.866128631	54.66893592	18.42076935
129.2458179	-8.78821546	54.8627712	18.4910656
129.1568887	-8.710247093	55.05699833	18.56080365
129.0684649	-8.632226649	55.25154539	18.63000234
128.9804926	-8.554155932	55.44634047	18.69868292
128.8929178	-8.476035746	55.64131164	18.76686859
128.8056889	-8.397866265	55.83638941	18.83458404
128.7188025	-8.319647445	56.0315609	18.90185493
128.6323043	-8.241379468	56.22687025	18.96870731
128.5462417	-8.163063158	56.42236421	19.03516705
128.4606626	-8.084700368	56.61808973	19.10125936
128.375615	-8.006294314	56.81409389	19.16700831
128.2911469	-7.927849867	57.01042393	19.23243642
128.2073064	-7.849373799	57.20712727	19.2975643
128.1241419	-7.77087498	57.40425146	19.36241034
128.0417017	-7.692364536	57.60184421	19.42699043
127.9600344	-7.613855952	57.79995336	19.49131777
127.8791884	-7.535365135	57.99862692	19.55540266
127.7992125	-7.456910426	58.19791301	19.61925243
127.7201555	-7.378512569	58.39785992	19.68287131
127.6420662	-7.30019463	58.59851604	19.74626048
127.5649936	-7.221981869	58.79992991	19.80941802
127.4889864	-7.143901565	59.00214987	19.87233905
127.4140719	-7.065982792	59.20520692	19.93501579
127.3402457	-6.988256166	59.40910613	19.9974378
127.2675004	-6.91075357	59.61385077	20.05959208
127.1958286	-6.833507883	59.81944446	20.12146332
127.125223	-6.756552719	60.02589119	20.18303405
127.055676	-6.679922163	60.2331953	20.24428491
126.98718	-6.603650513	60.4413615	20.30519477
126.9197272	-6.527772032	60.65039486	20.36574104
126.8533099	-6.452320693	60.86030081	20.42589983
126.7879202	-6.377329939	61.07108516	20.4856462
126.7235502	-6.302832441	61.28275406	20.54495444
126.6601918	-6.228859853	61.49531405	20.60379828
126.5978371	-6.155442584	61.70877201	20.66215115
126.5364779	-6.082609558	61.92313521	20.71998652
126.476106	-6.010387986	62.13841129	20.7772781
126.416713	-5.938803136	62.35460808	20.83400021
126.3582793	-5.867878104	62.57171896	20.89012804
126.3007659	-5.797633601	62.78971123	20.94563801
126.2441319	-5.72808775	63.00854876	21.00050803
126.1883361	-5.659255924	63.22819446	21.05471783
126.1333376	-5.59115061	63.44861038	21.10824914
126.0790955	-5.523781307	63.66975767	21.16108598
126.0255687	-5.457154453	63.89159657	21.21321479
125.9727162	-5.391273393	64.11408642	21.26462465
125.9204972	-5.326138368	64.33718566	21.31530735
125.8688707	-5.261746543	64.56085184	21.36525752
125.8177957	-5.198092068	64.78504163	21.41447267
125.7672312	-5.135166161	65.00971077	21.46295324
125.7171364	-5.07295724	65.23481414	21.51070257
125.6674703	-5.011451069	65.4603057	21.55772689
125.6181921	-4.950630947	65.68613854	21.60403519
125.5692607	-4.89047793	65.91226489	21.64963915
125.5206473	-4.830971079	66.13864669	21.69455296
125.4723553	-4.772087734	66.36527423	21.73879314
125.424393	-4.713803798	66.59214338	21.78237835
125.3767692	-4.656094008	66.81925101	21.82532916
125.3294923	-4.59893219	67.04659498	21.86766786
125.2825711	-4.542291511	67.27417417	21.90941828
125.236014	-4.486144701	67.50198844	21.95060554
125.1898297	-4.430464276	67.73003865	21.99125594
125.1440269	-4.375222741	67.95832669	22.03139671
125.0986141	-4.320392778	68.18685543	22.07105586
125.0536001	-4.265947428	68.41562876	22.11026203
125.0089934	-4.211860255	68.64465157	22.14904429
124.9648027	-4.158105501	68.87392973	22.18743202
124.9210367	-4.104658226	69.10347017	22.22545473
124.8777041	-4.051494441	69.33328076	22.26314199
124.8348136	-3.998591224	69.56337044	22.30052324
124.7923739	-3.945926831	69.79374771	22.33762772
124.7503947	-3.893480789	70.02441554	22.37448435
124.7088854	-3.841233983	70.25537421	22.41112167
124.6678557	-3.789168732	70.48662266	22.44756771
124.6273153	-3.73726885	70.71815852	22.48384994
124.5872736	-3.685519696	70.94997805	22.51999515
124.5477404	-3.63390822	71.18207623	22.55602939
124.5087252	-3.582422988	71.41444667	22.5919779
124.4702377	-3.531054205	71.64708172	22.62786495
124.4322873	-3.479793723	71.87997238	22.66371382
124.3948838	-3.428635038	72.11310839	22.69954662
124.3580368	-3.377573284	72.34647817	22.73538423
124.3217557	-3.326605203	72.58006887	22.77124615
124.2860502	-3.27572912	72.81386637	22.80715036
124.2509299	-3.224944896	73.04785529	22.84311316
124.2164043	-3.174253881	73.28201899	22.87914905
124.1824826	-3.123658846	73.51634677	22.91527048
124.1491715	-3.073163913	73.75086304	22.95148772
124.1164774	-3.022774475	73.98560387	22.98780864
124.0844064	-2.972497107	74.22060604	23.02423855
124.0529649	-2.922339472	74.45590706	23.06078009
124.0221591	-2.872310216	74.69154514	23.09743312
123.9919955	-2.822418861	74.92755917	23.13419468
123.9624804	-2.772675686	75.16398872	23.17105894
123.9336205	-2.723091602	75.40087401	23.20801726
123.9054223	-2.673678022	75.63825592	23.24505819
123.8778922	-2.624446719	75.87617595	23.2821676
123.8510368	-2.575409677	76.1146762	23.3193288
123.8248629	-2.526578937	76.35379943	23.35652269
123.799377	-2.477966432	76.59358893	23.393728
123.7745859	-2.429583811	76.83408862	23.43092152
123.7504961	-2.38144226	77.07534296	23.46807839
123.7271115	-2.333552312	77.31739041	23.50517244
123.7044122	-2.285923651	77.56021697	23.54217659
123.6823669	-2.23856492	77.8037832	23.57906315
123.6609441	-2.191483556	78.04804943	23.61580429
123.6401123	-2.144685644	78.29297592	23.65237227
123.6198399	-2.098175799	78.53852288	23.68873978
123.6000952	-2.051957086	78.78465049	23.72488018
123.5808463	-2.00603095	79.03131887	23.76076771
123.5620616	-1.960397191	79.27848813	23.79637769
123.5437091	-1.915053956	79.52611835	23.83168664
123.525757	-1.869997761	79.77416959	23.8666724
123.5081732	-1.825223544	80.02260191	23.90131419
123.4909258	-1.78072474	80.27137535	23.93559269
123.4739826	-1.736493389	80.52044997	23.96948998
123.4573117	-1.692520273	80.76978581	24.00298956
123.4408809	-1.648795074	81.01934295	24.03607626
123.4246601	-1.605306569	81.26908349	24.06873614
123.4086473	-1.562042842	81.51899767	24.10095636
123.392861	-1.518991514	81.76909603	24.13272503
123.3773201	-1.476139964	82.01938923	24.16403108
123.3620437	-1.433475527	82.26988768	24.1948641
123.3470508	-1.390985675	82.52060147	24.22521422
123.3323605	-1.348658183	82.77154045	24.25507205
123.3179917	-1.306481262	83.02271412	24.28442853
123.3039637	-1.264443686	83.27413177	24.31327489
123.2902955	-1.222534889	83.52580235	24.34160259
123.2770062	-1.180745049	83.77773456	24.36940325
123.2641149	-1.139065148	84.02993683	24.39666863
123.251641	-1.097487013	84.28241731	24.42339063
123.2396034	-1.05600334	84.53518387	24.44956122
123.2280215	-1.014607697	84.78824412	24.47517253
123.2169144	-0.973294507	85.0416054	24.50021678
123.2063009	-0.932059012	85.29527464	24.5246864
123.1961902	-0.890897218	85.54925591	24.54857399
123.1865838	-0.84980583	85.80355081	24.57187244
123.177483	-0.808782173	86.05816057	24.59457496
123.1688889	-0.767824122	86.31308612	24.61667514
123.1608028	-0.726930016	86.5683281	24.63816708
123.1532257	-0.686098582	86.82388685	24.6590454
123.1461589	-0.645328847	87.07976242	24.67930541
123.1396035	-0.604620064	87.33595457	24.69894313
123.1335607	-0.563971613	87.5924628	24.71795545
123.1280316	-0.523382926	87.84928629	24.73634022
123.1230173	-0.482853387	88.10642397	24.75409635
123.1185191	-0.442382247	88.36387449	24.77122396
123.114538	-0.401968532	88.62163622	24.78772449
123.1110753	-0.361610944	88.87970728	24.80360079
123.1081321	-0.321307769	89.13808551	24.81885735
123.1057094	-0.281056774	89.39676823	24.83350034
123.1038004	-0.240855117	89.65574309	24.84753781
123.1023886	-0.200699242	89.91498595	24.8609798
123.101457	-0.160584798	90.17447229	24.87383849
123.1009882	-0.120506569	90.43417793	24.88612831
123.1009654	-0.080458418	90.69407905	24.89786602
123.1013714	-0.040433248	90.95415221	24.90907079
123.1021891	-0.00042298	91.2143743	24.91976428
123.1034015	0.039581453	91.47472257	24.92997064
123.1049915	0.079590095	91.73517463	24.93971661
123.106942	0.119613942	91.99570843	24.94903144
123.109236	0.159664899	92.25630227	24.95794696
123.1118565	0.199755721	92.5169348	24.96649749
123.1147864	0.239899933	92.77758502	24.97471985
123.1180086	0.280111745	93.03823224	24.98265329
123.1215062	0.320405932	93.29885616	24.99033938
123.125262	0.360797715	93.55943685	24.99782197
123.1292757	0.401302618	93.81996286	25.00514705
123.1335774	0.441936311	94.08043839	25.01236264
123.1382011	0.482714482	94.34086966	25.01951867
123.1431805	0.523652718	94.60126316	25.02666685
123.1485495	0.564766431	94.8616257	25.03386057
123.1543418	0.606070809	95.12196436	25.0411548
123.1605914	0.647580794	95.38228653	25.04860599
123.1673321	0.689311099	95.64259993	25.05627197
123.1745977	0.731276249	95.90291255	25.06421186
123.1824221	0.773490656	96.16323273	25.072486
123.1908393	0.815968722	96.4235691	25.08115589
123.199883	0.858724972	96.68393061	25.09028408
123.2095872	0.901774222	96.94432656	25.09993414
123.2199858	0.945131766	97.20476653	25.11017056
123.2311126	0.988813608	97.46526046	25.12105873
123.2430016	1.032836706	97.72581853	25.13266487
123.2556604	1.07721926	97.98644017	25.14505596
123.269039	1.121981001	98.24710029	25.15829973
123.2830798	1.167143458	98.50777039	25.17246453
123.2977252	1.212730184	98.76842183	25.18761924
123.3129173	1.258766908	99.02902579	25.20383315
123.3285985	1.305281643	99.28955332	25.22117574
123.344711	1.352304718	99.5499753	25.23971647
123.3611971	1.399868767	99.81026243	25.25952456
123.377999	1.448008642	100.0703853	25.28066861
123.395059	1.496761273	100.3303142	25.30321633
123.4123192	1.546165467	100.5900194	25.32723413
123.4297218	1.59626164	100.8494709	25.35278669
123.4472091	1.647091496	101.1086386	25.37993649
123.4647232	1.698697632	101.3674921	25.40874334
123.4822062	1.751123087	101.626001	25.43926373
123.4996004	1.804410833	101.8841344	25.47155034
123.5168729	1.858603187	102.141887	25.5056513
123.5340771	1.9137412	102.3993406	25.54160955
123.5512851	1.969864025	102.6565961	25.57946221
123.5685689	2.027008346	102.9137546	25.61923992
123.5860007	2.085207856	103.1709177	25.66096638
123.6036525	2.144492793	103.4281867	25.70465789
123.6215966	2.204889545	103.6856636	25.75032297
123.6399051	2.266420299	103.9434503	25.79796211
123.6586502	2.329102761	104.201649	25.84756754
123.6779041	2.39294993	104.4603621	25.8991231
123.6977393	2.457969925	104.7196923	25.95260422
123.718228	2.524165878	104.9797423	26.00797792
123.7394425	2.591535879	105.2406152	26.06520296
123.7614554	2.660072983	105.5024141	26.12422998
123.784339	2.729765272	105.7652424	26.18500181
123.8081659	2.800595976	106.0292037	26.24745382
123.8330001	2.872543653	106.2943885	26.31151434
123.8588601	2.945582417	106.5608145	26.37710517
123.8857486	3.019682197	106.8284741	26.44414213
123.9136684	3.094808994	107.0973598	26.51253559
123.9426222	3.17092514	107.3674634	26.58219098
123.9726128	3.247989541	107.6387763	26.65300931
124.0036431	3.325957916	107.9112899	26.72488761
124.0357158	3.404783031	108.1849949	26.79771941
124.0688337	3.484414925	108.4598817	26.87139515
124.1029996	3.564801127	108.7359405	26.94580265
124.1382164	3.645886876	109.013161	27.02082744
124.1744868	3.727615328	109.2915325	27.09635319
124.2118138	3.80992776	109.5710442	27.17226207
124.2502	3.892763779	109.8516846	27.24843509
124.2896483	3.976061514	110.1334421	27.32475243
124.3301616	4.059757816	110.4163047	27.4010938
124.3717424	4.143788452	110.7002595	27.47733869
124.4143918	4.228088299	110.9852895	27.55336673
124.4581101	4.312591535	111.2713765	27.62905793
124.5028977	4.397231829	111.5585034	27.70429297
124.548755	4.481942528	111.8466535	27.77895345
124.5956824	4.566656847	112.1358108	27.85292213
124.6436801	4.651308052	112.4259603	27.92608317
124.6927485	4.73582965	112.7170874	27.99832238
124.7428878	4.820155577	113.0091784	28.06952737
124.7940984	4.904220385	113.3022202	28.13958785
124.8463804	4.987959436	113.5962004	28.2083958
124.8997342	5.071309096	113.8911075	28.27584567
124.9541598	5.154206934	114.1869304	28.34183462
125.0096575	5.236591924	114.4836591	28.40626273
125.0662273	5.318404648	114.7812839	28.4690332
125.1238695	5.399587515	115.0797961	28.53005262
125.1825816	5.480084974	115.3791848	28.58923115
125.2423347	5.559843734	115.6794105	28.6464828
125.3030839	5.638812979	115.9804156	28.70172564
125.3647838	5.716944552	116.2821415	28.75488202
125.4273889	5.794193104	116.5845292	28.80587872
125.4908539	5.870516212	116.8875189	28.85464713
125.555133	5.94587446	117.1910504	28.9011233
125.6201808	6.020231482	117.495063	28.94524803
125.6859514	6.093553978	117.7994953	28.98696691
125.7523992	6.165811689	118.1042853	29.02623029
125.8194782	6.236977344	118.4093706	29.06299327
125.8871426	6.307026566	118.7146881	29.09721558
125.9553463	6.375937753	119.0201743	29.12886151
126.0240433	6.443691925	119.325765	29.15789974
126.0931874	6.510272527	119.6313955	29.18430317
126.1627325	6.575665215	119.9370008	29.20804867
126.2326337	6.6398576	120.2425163	29.22911688
126.3028762	6.702838961	120.5479016	29.24749186
126.373472	6.764599953	120.8531385	29.26316083
126.4444342	6.825132309	121.15821	29.2761138
126.5157757	6.884428579	121.4630993	29.28634332
126.5875095	6.942481883	121.7677897	29.29384415
126.6596483	6.999285693	122.0722647	29.29861299
126.7322048	7.054833639	122.3765083	29.30064819
126.8051915	7.109119342	122.6805044	29.2999495
126.8786211	7.162136263	122.9842373	29.29651783
126.9525059	7.213877593	123.2876915	29.29035497
127.0268581	7.264336149	123.5908515	29.28146342
127.10169	7.313504305	123.8937024	29.26984613
127.1770136	7.361373951	124.1962293	29.25550633
127.252841	7.407936464	124.4984173	29.23844731
127.3291839	7.453182715	124.8002521	29.21867228
127.4060537	7.497103095	125.1017197	29.19618417
127.4834499	7.539687567	125.4028157	29.1709855
127.5613597	7.580925729	125.7035452	29.14307826
127.6397696	7.620806896	126.0039129	29.11246379
127.7186664	7.659320174	126.3039225	29.07914271
127.7980365	7.696454537	126.6035771	29.04311488
127.8778668	7.732198911	126.9028788	29.00437938
127.9581437	7.766542245	127.2018287	28.96293454
128.0388541	7.799473602	127.5004273	28.918778
128.1199845	7.830982232	127.7986742	28.87190675
128.2015218	7.861057661	128.096568	28.82231723
128.2834525	7.889689772	128.3941068	28.77000551
128.3657636	7.91686889	128.6912876	28.71496738
128.4484417	7.942585876	128.9881067	28.65719857
128.5314737	7.966832206	129.2845597	28.59669491
128.6148463	7.989600072	129.5806412	28.5334526
128.6985465	8.010882468	129.8763447	28.46746844
128.7825564	8.030673288	130.1716445	28.39874007
128.8668512	8.048967418	130.4664847	28.32726628
128.9514055	8.065760826	130.760807	28.25304728
129.0361941	8.081050642	131.0545529	28.1760849
129.1211919	8.094835228	131.3476645	28.09638284
129.206374	8.107114238	131.6400836	28.01394684
129.2917156	8.117888672	131.9317524	27.92878484
129.3771921	8.127160919	132.222613	27.84090707
129.4627791	8.134934791	132.5126079	27.75032622
129.5484522	8.141215549	132.8016794	27.65705744
129.6341874	8.146009921	133.0897704	27.56111842
129.7199606	8.149326109	133.3768235	27.46252938
129.8057482	8.15117379	133.6627818	27.36131306
129.8915263	8.15156411	133.9475885	27.25749468
129.9772716	8.150509667	134.2311867	27.15110188
130.0629608	8.148024486	134.5135201	27.04216457
130.1485732	8.144123988	134.7945415	26.93071485
130.2340943	8.138824949	135.0742259	26.81678683
130.3195104	8.132145464	135.352552	26.70041648
130.4048079	8.124104898	135.6294983	26.58164144
130.4899731	8.114723851	135.9050437	26.46050091
130.5749923	8.104024114	136.179167	26.33703543
130.6598519	8.092028629	136.4518472	26.21128678
130.7445381	8.078761451	136.7230636	26.08329781
130.8290372	8.0642477	136.9927954	25.95311228
130.9133357	8.04851353	137.2610221	25.82077474
130.9974197	8.031586075	137.5277232	25.68633037
131.0812756	8.013493418	137.7928783	25.54982484
131.1648898	7.994264535	138.0564672	25.41130417
131.2482484	7.973929258	138.3184699	25.27081461
131.3313378	7.952518221	138.5788662	25.12840245
131.4141443	7.930062812	138.8376363	24.98411395
131.4966531	7.906595122	139.0947638	24.83799515
131.5788459	7.882147885	139.350242	24.69009175
131.6607037	7.856754418	139.6040653	24.54044898
131.7422076	7.830448552	139.8562278	24.38911149
131.8233383	7.80326455	140.1067233	24.23612325
131.9040766	7.775237021	140.355545	24.0815274
131.9844031	7.746400822	140.602686	23.92536626
132.0642982	7.71679095	140.8481387	23.76768114
132.1437425	7.686442421	141.0918953	23.60851239
132.2227163	7.655390142	141.3339476	23.44789924
132.3011996	7.623668771	141.574287	23.2858798
132.3791726	7.59131256	141.8129045	23.12249103
132.4566154	7.558355192	142.049791	22.95776862
132.5335079	7.5248296	142.2849367	22.79174706
132.6098299	7.490767776	142.5183317	22.62445953
132.6855612	7.456200568	142.7499657	22.45593788
132.7606901	7.421157455	142.9798307	22.28621265
132.8352435	7.385666325	143.2079312	22.11531302
132.9092588	7.349753262	143.4342752	21.94326677
132.9827739	7.313442357	143.6588711	21.77010034
133.0558266	7.276755576	143.8817279	21.59583884
133.128455	7.239712649	144.1028546	21.42050607
133.2006972	7.202331014	144.3222606	21.2441246
133.2725916	7.164625793	144.5399559	21.06671587
133.3441765	7.126609813	144.7559505	20.88830026
133.4154904	7.088293661	144.9702548	20.70889726
133.4865719	7.049685786	145.1828796	20.52852555
133.5574598	7.010792639	145.3938359	20.34720324
133.6281929	6.971618846	145.6031349	20.16494798
133.6988102	6.932167437	145.8107882	19.98177722
133.7693506	6.892440095	146.0168076	19.7977084
133.8398533	6.852437464	146.2212052	19.61275919
133.9103497	6.812159482	146.423988	19.42694781
133.9808154	6.771605759	146.6251264	19.24029322
134.0512018	6.730775948	146.8245741	19.05281549
134.1214601	6.689670095	147.0222846	18.86453598
134.1915417	6.648288947	147.2182112	18.67547758
134.2613982	6.606634213	147.4123067	18.4856649
134.3309811	6.564708782	147.6045237	18.29512439
134.400242	6.522516897	147.7948147	18.10388449
134.4691326	6.480064287	147.9831317	17.91197561
134.5376048	6.437358254	148.1694266	17.71943023
134.6056103	6.394407712	148.353651	17.52628288
134.6731013	6.351223192	148.5357563	17.33257004
134.7400296	6.307816792	148.7156936	17.13833009
134.8063474	6.26420209	148.8934139	16.94360316
134.8720068	6.220394014	149.0688679	16.74843093
134.9369601	6.17640866	149.2420061	16.55285647
135.0011648	6.132263078	149.4127836	16.35692392
135.0646223	6.087975008	149.5811959	16.16067819
135.1273566	6.043562611	149.7472592	15.96416469
135.1893916	5.999044196	149.9109901	15.76742896
135.2507514	5.954437987	150.0724051	15.57051643
135.3114599	5.909761894	150.2315207	15.37347207
135.3715409	5.86503333	150.3883535	15.1763402
135.4310184	5.82026903	150.5429204	14.97916418
135.4899161	5.77548491	150.6952378	14.78198624
135.5482578	5.73069594	150.8453227	14.58484724
135.6060672	5.685916046	150.9931918	14.38778648
135.6633681	5.641158028	151.1388619	14.19084151
135.720184	5.596433508	151.2823499	13.99404798
135.7765386	5.551752896	151.4236726	13.7974395
135.8324554	5.507125379	151.5628469	13.60104748
135.887958	5.462558935	151.6998898	13.40490103
135.9430694	5.418060365	151.8348189	13.20902686
135.9978058	5.373635347	151.9676643	13.01344917
136.0521781	5.329288515	152.0984653	12.81818957
136.1061973	5.285023536	152.2272613	12.62326711
136.1598741	5.240843215	152.3540914	12.42869817
136.2132196	5.196749594	152.4789943	12.23449659
136.2662448	5.152744071	152.6020089	12.04067365
136.3189606	5.108827525	152.7231737	11.84723822
136.3713783	5.065000447	152.8425269	11.65419688
136.4235088	5.02126309	152.9601068	11.46155405
136.4753634	4.977615621	153.0759515	11.26931222
136.5269532	4.934058283	153.1900988	11.07747219
136.5782896	4.890591573	153.3025865	10.88603327
136.6293838	4.847216423	153.4134523	10.69499365
136.6802471	4.803934395	153.5227338	10.50435066
136.7308908	4.760747885	153.6304685	10.31410117
136.7813257	4.717660336	153.7366925	10.12424196
136.8315396	4.674676461	153.8414015	9.934770151
136.8814946	4.631802459	153.9445455	9.745683622
136.9311512	4.589046211	154.0460721	9.556981406
136.98047	4.546417438	154.1459294	9.36866405
137.0294116	4.503927819	154.2440655	9.180733903
137.0779366	4.461591073	154.3404287	8.993195363
137.1260056	4.419422997	154.4349676	8.806055062
137.1735792	4.37744147	154.5276311	8.619322004
137.2206179	4.335666415	154.6183682	8.433007643
137.2670825	4.294119718	154.7071279	8.247125916
137.3129335	4.252825111	154.7938598	8.061693216
137.3581314	4.211808018	154.8785133	7.876728312
137.4026369	4.171095349	154.961038	7.692252222
137.4464104	4.130715268	155.0413838	7.508288029
137.4894126	4.090696906	155.1195007	7.32486064
137.5316047	4.051070046	155.1953394	7.141996498
137.5729799	4.011864759	155.268886	6.959723242
137.613574	3.973111021	155.3401723	6.778069332
137.6534252	3.934838342	155.4092337	6.597063678
137.6925721	3.897075413	155.4761054	6.416735288
137.7310531	3.859849795	155.5408228	6.237112944
137.7689068	3.823187633	155.6034211	6.05822491
137.8061714	3.787113405	155.6639358	5.880098658
137.8428855	3.751649701	155.7224022	5.702760628
137.8790874	3.716817036	155.7788558	5.526236013
137.9148156	3.682633688	155.833332	5.350548568
137.9501085	3.649115571	155.8858664	5.175720447
137.9850045	3.616276141	155.9364945	5.001772064
138.019542	3.584126323	155.9852519	4.828721983
138.0537594	3.552674482	156.0321742	4.656586828
138.0876952	3.521926408	156.0772972	4.485381226
138.1213877	3.491885347	156.1206565	4.315117767
138.1548682	3.462552047	156.1622853	4.145806995
138.1881529	3.433924843	156.2022117	3.977457419
138.2212567	3.405999744	156.2404633	3.810075546
138.254194	3.378770542	156.2770674	3.643665929
138.2869796	3.35222892	156.3120515	3.478231238
138.3196279	3.32636457	156.3454429	3.313772337
138.3521534	3.30116532	156.3772692	3.150288389
138.3845705	3.276617261	156.4075577	2.987776974
138.4168938	3.252704894	156.4363357	2.826234216
138.4491375	3.229411271	156.4636307	2.66565494
138.4813161	3.20671815	156.4894699	2.506032832
138.5134438	3.18460616	156.5138805	2.347360631
138.5455349	3.163054969	156.53689	2.189630321
138.5776036	3.142043462	156.5585255	2.032833352
138.6096642	3.121549928	156.5788143	1.876960875
138.6417308	3.10155225	156.5977835	1.72200399
138.6738113	3.082028116	156.6154482	1.567954014
138.7058939	3.062955217	156.6317861	1.414802757
138.7379629	3.04431145	156.6467677	1.262542783
138.7700027	3.026075104	156.6603636	1.111167644
138.8019977	3.008225023	156.6725442	0.960672074
138.833932	2.990740748	156.6832799	0.811052148
138.8657898	2.973602654	156.6925412	0.662305404
138.8975554	2.956792046	156.7002985	0.514430923
138.9292128	2.940291256	156.7065222	0.367429381
138.960746	2.924083713	156.7111828	0.221303056
138.9921391	2.908153992	156.7142506	0.076055799
139.023376	2.892487851	156.7156961	-0.068307025
139.0544406	2.877072247	156.7154896	-0.211778648
139.0853168	2.861895331	156.7136016	-0.354351028
139.1159883	2.846946432	156.7100025	-0.496015034
139.1464389	2.832216013	156.7046627	-0.636760655
139.1766579	2.817695624	156.6975688	-0.776577251
139.2066553	2.803377824	156.6887663	-0.915453828
139.2364455	2.789256116	156.6783138	-1.053379308
139.266043	2.775324878	156.6662699	-1.190342764
139.2954622	2.761579318	156.6526927	-1.326333602
139.3247172	2.748015427	156.6376401	-1.461341708
139.3538223	2.734629956	156.6211701	-1.595357537
139.3827917	2.721420396	156.6033398	-1.728372168
139.4116393	2.708384979	156.5842066	-1.860377301
139.440379	2.695522678	156.5638272	-1.991365218
139.4690248	2.682833234	156.5422582	-2.121328698
139.4975904	2.670317182	156.5195558	-2.250260884
139.5260896	2.657975894	156.495776	-2.378155106
139.5545359	2.645811634	156.4709743	-2.505004665
139.5829428	2.633827622	156.445206	-2.630802571
139.611324	2.622028115	156.4185259	-2.755541236
139.6396889	2.610418487	156.3909781	-2.879212127
139.6680253	2.59900533	156.3625442	-3.00180539
139.6963132	2.587796544	156.3331839	-3.123309468
139.7245326	2.576801412	156.3028571	-3.243710755
139.7526636	2.566030656	156.2715237	-3.362993301
139.7806865	2.55549647	156.239144	-3.48113856
139.8085815	2.545212534	156.2056785	-3.598125193
139.8363291	2.535194004	156.1710878	-3.713928918
139.8639096	2.525457483	156.1353329	-3.828522409
139.8913038	2.516020969	156.0983748	-3.941875249
139.9184922	2.506903779	156.060175	-4.053953925
139.9454556	2.498126459	156.020695	-4.164721877
139.9721749	2.489710665	155.9798969	-4.2741396
139.9986309	2.481679025	155.9377426	-4.382164788
140.0248047	2.474054977	155.8941946	-4.488752535
140.0506774	2.466862589	155.8492156	-4.59385558
140.0762329	2.460126355	155.8027731	-4.69742461
140.1014807	2.453870966	155.7548774	-4.799408597
140.1264445	2.448121086	155.7055625	-4.899755173
140.1511479	2.442901128	155.6548624	-4.99841099
140.1756148	2.438235048	155.6028107	-5.095322071
140.1998687	2.434146161	155.5494409	-5.190434149
140.2239333	2.430656967	155.4947864	-5.283692985
140.2478319	2.427789002	155.4388802	-5.375044674
140.2715881	2.425562701	155.381755	-5.464435938
140.2952252	2.423997275	155.3234435	-5.551814406
140.3187667	2.423110612	155.263978	-5.637128882
140.3422357	2.422919185	155.2033904	-5.720329603
140.3656555	2.423437983	155.1417127	-5.801368481
140.3890493	2.424680454	155.0789763	-5.880199346
140.4124401	2.42665846	155.0152126	-5.956778169
140.435851	2.429382257	154.9504524	-6.031063284
140.4593041	2.432860478	154.8847271	-6.103015598
140.4828122	2.437100136	154.818075	-6.172598796
140.5063818	2.442106639	154.7505391	-6.239779535
140.5300198	2.447883797	154.6821625	-6.304527622
140.5537326	2.454433839	154.6129883	-6.366816175
140.577527	2.461757425	154.5430597	-6.426621768
140.6014096	2.469853653	154.4724199	-6.483924558
140.6253874	2.478720069	154.4011122	-6.538708392
140.6494669	2.488352675	154.3291801	-6.590960907
140.6736551	2.498745937	154.2566669	-6.640673601
140.6979588	2.509892788	154.1836161	-6.687841894
140.7223849	2.521784633	154.1100712	-6.732465174
140.7469402	2.534411354	154.036076	-6.774546823
140.7716317	2.54776131	153.9616741	-6.814094226
140.7964664	2.561821344	153.8869092	-6.851118767
140.8214513	2.576576778	153.8118252	-6.885635805
140.8465937	2.59201142	153.7364656	-6.917664632
140.8719058	2.608107564	153.6608672	-6.947228419
140.897405	2.624845993	153.5850598	-6.974354145
140.9231087	2.642205992	153.5090732	-6.999072518
140.9490344	2.660165371	153.4329375	-7.021417893
140.9751994	2.678700497	153.3566827	-7.041428184
141.0016214	2.697786337	153.280339	-7.059144768
141.0283179	2.71739651	153.2039367	-7.074612392
141.0553064	2.73750336	153.1275062	-7.087879059
141.0826044	2.758078024	153.0510782	-7.098995926
141.1102297	2.779090529	152.9746834	-7.108017174
141.1381998	2.80050989	152.8983526	-7.114999888
141.1665323	2.822304226	152.8221168	-7.120003917
141.1952449	2.844440886	152.7460072	-7.123091729
141.2243554	2.866886588	152.6700549	-7.124328252
141.2538814	2.889607579	152.5942915	-7.12378071
141.2838405	2.912569797	152.5187485	-7.121518445
141.31424	2.935739052	152.4434542	-7.117612721
141.3450724	2.959081223	152.3684331	-7.112136525
141.3763289	2.982562438	152.2937091	-7.105164354
141.408001	3.006149259	152.2193065	-7.096771996
141.44008	3.029808852	152.1452496	-7.087036299
141.4725572	3.053509145	152.0715628	-7.076034937
141.5054241	3.077218985	151.9982709	-7.06384616
141.538672	3.100908277	151.9253985	-7.050548535
141.5722922	3.12454812	151.8529705	-7.036220677
141.6062762	3.148110934	151.7810121	-7.020940967
141.6406154	3.171570581	151.7095483	-7.004787248
141.6753011	3.194902473	151.6386045	-6.987836522
141.7103247	3.218083679	151.5682061	-6.970164616
141.7456777	3.241093022	151.4983787	-6.951845839
141.7813514	3.263911166	151.4291479	-6.932952624
141.8173372	3.286520704	151.3605391	-6.913555146
141.8536219	3.308906234	151.2925502	-6.893720925
141.8901847	3.331054427	151.2251326	-6.873514428
141.927004	3.35295408	151.1582334	-6.852996699
141.9640584	3.374596152	151.0917999	-6.832225035
142.0013264	3.395973789	151.0257791	-6.811252715
142.0387865	3.417082315	150.9601183	-6.790128786
142.0764172	3.437919224	150.8947648	-6.7688979
142.1141971	3.458484136	150.8296657	-6.747600203
142.1521048	3.478778751	150.7647686	-6.726271271
142.1901189	3.498806772	150.7000206	-6.704942112
142.2282179	3.518573819	150.6353693	-6.6836392
142.2663805	3.538087321	150.570762	-6.662384573
142.3045852	3.557356391	150.5061462	-6.641195978
142.3428108	3.576391683	150.4414695	-6.620087062
142.3810359	3.595205228	150.3766795	-6.599067619
142.4192391	3.613810259	150.3117239	-6.578143883
142.4574051	3.63222101	150.246567	-6.55731887
142.4955336	3.650452506	150.1812156	-6.536592755
142.5336269	3.668520344	150.1156829	-6.51596327
142.5716868	3.686440479	150.0499823	-6.495426088
142.6097157	3.704229009	149.9841269	-6.474975197
142.6477154	3.721901965	149.9181298	-6.454603257
142.6856881	3.73947511	149.8520041	-6.43430195
142.7236358	3.756963732	149.7857626	-6.414062311
142.7615605	3.774382442	149.7194183	-6.393875044
142.7994642	3.791744985	149.6529841	-6.373730836
142.8373489	3.809064038	149.5864725	-6.353620643
142.8752165	3.826351019	149.5198963	-6.333535976
142.913069	3.843615902	149.453268	-6.313469164
142.9509083	3.860867026	149.3866002	-6.293413618
142.9887362	3.878110909	149.3199052	-6.273364066
143.0265548	3.895352068	149.2531954	-6.25331679
