140.1423491	4.344688218	147.2152627	-2.024599976
140.1831172	4.338541439	147.1838159	-2.17789673
140.2238957	4.332392253	147.1523006	-2.331205005
140.264686	4.326236588	147.1206442	-2.484543404
140.3054894	4.320068424	147.0887736	-2.63793803
140.3463075	4.313879857	147.0566151	-2.791421301
140.3871416	4.307661166	147.0240948	-2.94503082
140.427993	4.301400884	146.9911381	-3.098808315
140.4688629	4.295085862	146.9576701	-3.252798645
140.5097526	4.288701345	146.9236155	-3.407048864
140.5506634	4.282231041	146.8888983	-3.561607356
140.5915965	4.275657197	146.8534422	-3.716523033
140.6325529	4.268960676	146.8171702	-3.871844595
140.6735339	4.262121031	146.7800051	-4.027619861
140.7145406	4.255116591	146.7418687	-4.183895156
140.7555739	4.247924538	146.7026826	-4.340714773
140.7966349	4.240520994	146.6623675	-4.498120489
140.8377246	4.23288111	146.6208439	-4.656151156
140.8788401	4.224979152	146.5780407	-4.81484235
140.9199691	4.216788596	146.5339105	-4.974226083
140.9610977	4.208282209	146.4884091	-5.134330559
141.0022124	4.19943213	146.4414926	-5.295179972
141.0432996	4.19020994	146.3931174	-5.456794326
141.0843458	4.180586716	146.34324	-5.619189301
141.1253376	4.170533087	146.291817	-5.78237614
141.1662616	4.160019274	146.2388052	-5.946361572
141.2071045	4.149015124	146.1841619	-6.111147769
141.2478531	4.137490139	146.1278442	-6.276732326
141.2884944	4.125413492	146.0698097	-6.443108283
141.3290152	4.11275404	146.0100162	-6.610264165
141.3694026	4.099480331	145.9484217	-6.778184064
141.4096437	4.0855606	145.8849845	-6.946847748
141.4497255	4.070962765	145.8196631	-7.116230792
141.4896354	4.055654412	145.7524165	-7.286304753
141.5293612	4.039602776	145.6832049	-7.457037368
141.5689083	4.022774721	145.6120271	-7.628392774
141.6083027	4.005136723	145.5389265	-7.800331749
141.6475717	3.986654873	145.463949	-7.972811922
141.6867423	3.967294905	145.3871405	-8.145787945
141.7258414	3.947022268	145.3085468	-8.319211619
141.7648959	3.92580221	145.2282134	-8.493031977
141.8039324	3.903599915	145.1461861	-8.667195321
141.8429776	3.880380655	145.0625101	-8.841645211
141.8820579	3.856109984	144.977231	-9.016322424
141.9211998	3.830753959	144.890394	-9.191164851
141.9604295	3.804279402	144.8020444	-9.366107368
141.9997732	3.776654181	144.7122271	-9.541081659
142.039257	3.747847539	144.6209873	-9.716015997
142.0789066	3.717830446	144.52837	-9.890834986
142.118748	3.686575986	144.4344199	-10.06545927
142.1588068	3.654059786	144.3391818	-10.23980518
142.1991048	3.620260463	144.2426952	-10.41378438
142.2396075	3.585160116	144.1449219	-10.58730346
142.2802377	3.548744804	144.045765	-10.76026354
142.3209171	3.511005007	143.9451261	-10.93255992
142.3615672	3.471936018	143.8429073	-11.10408183
142.4021098	3.431538285	143.7390107	-11.2747123
142.4424664	3.389817697	143.6333387	-11.44432806
142.4825586	3.346785805	143.5257941	-11.61279961
142.5223081	3.302459989	143.4162797	-11.77999129
142.5616364	3.256863572	143.304699	-11.94576155
142.6004651	3.210025868	143.1909555	-12.10996325
142.638716	3.161982172	143.0749532	-12.27244408
142.6763106	3.112773701	142.9565966	-12.43304706
142.7131708	3.062447463	142.8357902	-12.59161117
142.7492184	3.01105608	142.7124395	-12.74797209
142.7843751	2.958657539	142.5864499	-12.90196297
142.8185629	2.905314891	142.4577276	-13.05341537
142.8517117	2.851095891	142.3261969	-13.20216031
142.8838145	2.796072579	142.1919251	-13.34802934
142.9148951	2.740320841	142.0550497	-13.49085573
142.9449779	2.68391998	141.915709	-13.63047548
142.9740873	2.626952309	141.7740423	-13.76672837
143.0022478	2.569502775	141.6301896	-13.89945882
143.0294842	2.511658609	141.4842914	-14.02851672
143.0558214	2.453508998	141.336489	-14.15375811
143.0812844	2.395144788	141.1869243	-14.2750458
143.1058983	2.33665821	141.0357397	-14.39224992
143.1296883	2.278142627	140.8830782	-14.50524832
143.1526797	2.219692309	140.7290835	-14.61392692
143.174898	2.161402229	140.5738994	-14.71817998
143.1963686	2.103367878	140.4176706	-14.81791023
143.2171171	2.045685106	140.2605418	-14.91302898
143.237169	1.988449979	140.1026585	-15.00345607
143.25655	1.931758658	139.9441662	-15.0891198
143.2752829	1.875707297	139.7851924	-15.16995672
143.2933803	1.820391955	139.6257993	-15.24591135
143.3108524	1.76590852	139.4660348	-15.31693592
143.3277092	1.712352634	139.3059469	-15.38299001
143.3439609	1.659819625	139.1455839	-15.44404027
143.3596172	1.608404435	138.9849942	-15.50006007
143.3746881	1.558201551	138.8242264	-15.55102921
143.3891833	1.509304933	138.6633292	-15.5969336
143.4031126	1.461807942	138.5023516	-15.63776495
143.4164855	1.415803262	138.3413425	-15.67352044
143.4293118	1.371382823	138.1803513	-15.70420245
143.4416009	1.328637711	138.0194273	-15.72981822
143.4533623	1.287658088	137.8586199	-15.75037953
143.4646056	1.248533084	137.6979788	-15.76590246
143.47534	1.211350705	137.5375537	-15.77640701
143.485575	1.176197713	137.3773945	-15.78191681
143.49532	1.143159511	137.2175511	-15.78245886
143.5045877	1.112320014	137.0580648	-15.77806318
143.5133981	1.083761506	136.8989584	-15.7687625
143.5217725	1.057564507	136.7402522	-15.75459203
143.5297318	1.033807619	136.5819663	-15.73558914
143.5372973	1.012567385	136.4241211	-15.71179313
143.5444899	0.993918136	136.2667366	-15.68324506
143.551331	0.977931842	136.1098331	-15.6499875
143.5578416	0.964677951	135.9534309	-15.61206441
143.5640428	0.954223227	135.79755	-15.56952097
143.5699559	0.946631589	135.6422107	-15.52240346
143.575602	0.941963928	135.487433	-15.47075918
143.5810022	0.94027794	135.3332371	-15.41463637
143.5861777	0.941627928	135.179643	-15.35408416
143.5911496	0.946064616	135.0266709	-15.28915251
143.5959391	0.953634946	134.8743407	-15.21989225
143.6005674	0.964381864	134.7226725	-15.14635504
143.6050558	0.978344107	134.5716863	-15.06859345
143.6094417	0.995555971	134.4214103	-14.98666097
143.6137844	1.016047088	134.2718827	-14.9006121
143.6181446	1.039842208	134.1231421	-14.81050239
143.6225832	1.066961012	133.9752266	-14.71638858
143.6271607	1.097417941	133.8281736	-14.61832861
143.6319379	1.131222056	133.6820199	-14.51638173
143.6369755	1.168376919	133.5368019	-14.41060859
143.642334	1.208880503	133.3925554	-14.30107131
143.6480741	1.252725119	133.2493155	-14.18783357
143.6542562	1.299897373	133.1071171	-14.07096068
143.6609408	1.350378144	132.9659944	-13.9505197
143.6681885	1.404142591	132.8259813	-13.8265795
143.6760597	1.461160177	132.6871109	-13.69921087
143.6846148	1.521394727	132.5494161	-13.5684866
143.6939142	1.584804501	132.4129294	-13.43448157
143.7040182	1.6513423	132.2776827	-13.29727287
143.7149862	1.720955595	132.1437081	-13.15693984
143.7268638	1.793586681	132.0110461	-13.01356424
143.7396878	1.869172845	131.8797422	-12.86723025
143.7534945	1.947646553	131.749842	-12.71802461
143.7683204	2.028935641	131.6213905	-12.56603666
143.7842018	2.112963507	131.494432	-12.41135839
143.8011754	2.199649322	131.369011	-12.25408449
143.8192775	2.288908238	131.245171	-12.09431231
143.8385447	2.380651611	131.1229554	-11.93214193
143.8590135	2.474787236	131.0024073	-11.76767613
143.8807207	2.571219584	130.8835692	-11.6010203
143.9037027	2.669850059	130.7664834	-11.43228246
143.9279964	2.770577262	130.6511918	-11.26157317
143.9536384	2.87329727	130.5377358	-11.08900541
143.9806656	2.977903932	130.4261569	-10.91469452
144.009115	3.084289172	130.3164957	-10.73875804
144.0390234	3.192343319	130.2087929	-10.56131556
144.070423	3.301955444	130.1030856	-10.38248859
144.1033105	3.413013713	129.9993874	-10.20240031
144.1376676	3.525405745	129.8977022	-10.02117541
144.1734757	3.639018942	129.7980332	-9.838939904
144.2107165	3.753740792	129.700384	-9.655820882
144.2493715	3.869459153	129.6047575	-9.471946381
144.2894222	3.986062504	129.5111569	-9.287445173
144.3308503	4.103440171	129.419585	-9.102446598
144.3736373	4.221482532	129.3300446	-8.917080387
144.4177648	4.3400812	129.242538	-8.731476488
144.4632144	4.459129176	129.1570677	-8.545764899
144.5099675	4.57852099	129.073636	-8.36007549
144.5580056	4.698152817	128.9922447	-8.174537836
144.6073103	4.817922574	128.9128959	-7.989281038
144.6578631	4.937729999	128.8355912	-7.804433548
144.7096452	5.057476713	128.7603322	-7.620122984
144.7626382	5.177066263	128.6871202	-7.436475945
144.8168273	5.296404151	128.6159543	-7.25361782
144.8722141	5.415397854	128.5468251	-7.071672584
144.9288048	5.533956832	128.4797207	-6.890762603
144.9866055	5.651992549	128.414629	-6.711008432
145.0456221	5.769418502	128.3515381	-6.532528616
145.1058606	5.886150253	128.2904357	-6.355439491
145.1673269	6.002105483	128.2313096	-6.17985499
145.2300269	6.117204048	128.1741474	-6.005886438
145.2939663	6.231368049	128.1189366	-5.833642352
145.359151	6.344521919	128.0656647	-5.663228237
145.4255864	6.456592517	128.0143189	-5.494746374
145.4932783	6.567509244	127.9648865	-5.328295607
145.5622322	6.677204163	127.9173545	-5.163971123
145.6324535	6.785612142	127.87171	-5.001864226
145.7039477	6.892671013	127.8279397	-4.842062102
145.7767199	6.99832174	127.7860303	-4.684647578
145.8507753	7.102508611	127.7459683	-4.529698874
145.9260999	7.205179441	127.7077189	-4.377289342
146.0026434	7.306285785	127.6712066	-4.227487214
146.080351	7.405783131	127.6363516	-4.08035537
146.1591678	7.50363107	127.6030742	-3.935951156
146.2390391	7.599793428	127.5712951	-3.794326236
146.3199098	7.694238363	127.5409353	-3.655526507
146.4017252	7.786938431	127.5119161	-3.519592047
146.4844302	7.877870614	127.4841591	-3.386557114
146.5679699	7.967016324	127.4575861	-3.256450185
146.6522892	8.054361362	127.4321193	-3.129294045
146.737333	8.139895849	127.407681	-3.005105916
146.8230463	8.223614131	127.3841941	-2.883897625
146.909374	8.305514638	127.3615815	-2.765675823
146.9962608	8.38559972	127.3397664	-2.650442241
147.0836517	8.463875445	127.3186725	-2.538193984
147.1714915	8.54035137	127.2982236	-2.428923878
147.2597258	8.615040269	127.2783452	-2.322620845
147.3483296	8.687957844	127.2590102	-2.219270326
147.4373144	8.759122404	127.2402506	-2.118854712
147.5266942	8.828554566	127.2221022	-2.021353752
147.616483	8.896276969	127.2046012	-1.926744911
147.7066954	8.962314023	127.1877839	-1.835003667
147.7973456	9.02669168	127.1716869	-1.746103758
147.8884483	9.089437236	127.1563472	-1.66001736
147.9800184	9.150579159	127.1418018	-1.576715218
148.0720709	9.210146949	127.1280883	-1.496166716
148.1646209	9.268171013	127.1152441	-1.418339884
148.2576839	9.324682584	127.1033074	-1.343201359
148.3512752	9.379713653	127.0923161	-1.270716276
148.4454107	9.433296937	127.0823089	-1.200848113
148.5401062	9.485465867	127.0733244	-1.133558468
148.6353779	9.536254609	127.0654016	-1.06880679
148.731242	9.585698108	127.0585797	-1.006550043
148.8277134	9.633832158	127.0528939	-0.946742318
148.9247813	9.680693498	127.0483072	-0.889334395
149.0224144	9.726319917	127.044725	-0.834273293
149.1205805	9.770750358	127.0420511	-0.781501839
149.2192475	9.814025	127.0401889	-0.730958311
149.3183828	9.856185328	127.0390417	-0.682576138
149.4179539	9.89727418	127.0385126	-0.636283669
149.5179281	9.937335778	127.0385046	-0.592004005
149.6182726	9.976415738	127.0389205	-0.549654906
149.7189542	10.01456106	127.0396628	-0.509148759
149.8199398	10.0518201	127.0406342	-0.470392617
149.9211961	10.08824252	127.0417369	-0.433288312
150.0226895	10.12387919	127.0428729	-0.397732634
150.1243865	10.15878215	127.0439442	-0.363617586
150.2262532	10.19300442	127.0448527	-0.330830707
150.3282556	10.22659993	127.0454999	-0.29925548
150.4303597	10.25962329	127.0457872	-0.2687718
150.5325348	10.29212964	127.0456277	-0.239256531
150.634773	10.32417444	127.0450074	-0.210584125
150.7370753	10.3558132	127.0439409	-0.182627273
150.8394425	10.38710133	127.042443	-0.155257562
150.9418758	10.41809384	127.0405289	-0.128346103
151.044376	10.44884519	127.038214	-0.101764155
151.1469444	10.47940902	127.0355142	-0.075383716
151.2495821	10.50983799	127.0324453	-0.049078109
151.3522901	10.54018354	127.0290238	-0.022722547
151.4550698	10.57049569	127.0252665	0.003805313
151.5579223	10.60082283	127.0211901	0.030624841
151.660849	10.63121155	127.0168121	0.057851901
151.7638512	10.66170639	127.0121499	0.085598347
151.8669302	10.69234968	127.0072216	0.113971521
151.9700876	10.72318132	127.0020453	0.143073769
152.0733247	10.75423857	126.9966395	0.173001957
152.1766431	10.78555589	126.9910231	0.20384701
152.2800504	10.81716469	126.9852261	0.235693451
152.383578	10.84909315	126.9793201	0.268618963
152.4872626	10.88136604	126.9733858	0.302693982
152.591141	10.91400459	126.9675041	0.337981348
152.6952502	10.94702629	126.9617555	0.374536018
152.7996271	10.98044486	126.9562204	0.412404836
152.904309	11.01427016	126.9509789	0.451626365
153.0093329	11.04850814	126.9461112	0.492230781
153.114736	11.08316083	126.9416968	0.534239819
153.2205557	11.11822636	126.9378156	0.57766679
153.3268294	11.15369903	126.9345468	0.62251664
153.4335945	11.18956935	126.9319696	0.668786084
153.5408885	11.22582418	126.9301629	0.716463781
153.6487491	11.26244683	126.9292057	0.765530584
153.7572139	11.29941728	126.9291763	0.81595983
153.8663207	11.33671233	126.9301532	0.867717702
153.9761073	11.37430583	126.9322144	0.920763639
154.0866008	11.41216898	126.9354184	0.975050809
154.1978046	11.45027055	126.9397791	1.03052662
154.3097185	11.48857723	126.9453046	1.087133263
154.4223424	11.52705389	126.9520028	1.144808248
154.5356769	11.56566386	126.9598821	1.203484945
154.6497222	11.60436928	126.9689513	1.263093117
154.7644791	11.64313133	126.9792191	1.323559458
154.8799484	11.68191053	126.9906947	1.384808125
154.9961312	11.72066707	127.0033874	1.446761272
155.1130288	11.75936106	127.0173069	1.509339589
155.2306426	11.79795284	127.0324629	1.572462837
155.3489743	11.83640325	127.0488657	1.636050389
155.4680259	11.87467397	127.0665255	1.70002178
155.5877994	11.91272779	127.0854531	1.764297251
155.7082971	11.9505289	127.1056593	1.828798311
155.8295216	11.98804323	127.1271553	1.893448295
155.9514748	12.02523874	127.1499511	1.95817294
156.0741327	12.06208573	127.1740167	2.022900955
156.1974423	12.09855716	127.1992779	2.087564591
156.3213493	12.13462891	127.2256579	2.152100154
156.4457991	12.17028002	127.2530806	2.216448466
156.5707372	12.20549286	127.2814699	2.280555257
156.6961093	12.24025332	127.31075	2.344371482
156.8218608	12.27455085	127.3408456	2.407853589
156.9479372	12.30837856	127.3716812	2.470963709
157.0742842	12.3417332	127.403182	2.533669789
157.2008471	12.37461517	127.4352732	2.595945658
157.3275715	12.40702836	127.4678803	2.657771034
157.4544028	12.43898014	127.5009291	2.719131467
157.5812866	12.47048109	127.5343455	2.780018217
157.7081682	12.50154486	127.5680558	2.840428077
157.8349933	12.53218787	127.6019864	2.900363127
157.961707	12.56242905	127.6360641	2.959830434
158.0882586	12.59228947	127.6702199	3.018841687
158.2146453	12.62179194	127.7044413	3.077412779
158.3408992	12.65096068	127.738756	3.135563357
158.4670531	12.67982085	127.773192	3.193316383
158.5931392	12.70839824	127.8077765	3.250697719
158.7191895	12.7367189	127.8425366	3.307735733
158.845236	12.76480891	127.8774985	3.364460946
158.9713102	12.79269405	127.9126879	3.42090569
159.0974433	12.82039958	127.94813	3.477103805
159.2236664	12.84795006	127.9838496	3.533090354
159.3500101	12.87536913	128.0198706	3.588901362
159.4765051	12.9026794	128.0562167	3.644573581
159.6031815	12.9299023	128.0929108	3.70014428
159.7300692	12.95705801	128.1299755	3.755651048
159.8571979	12.98416539	128.1674325	3.811131627
159.9845969	13.01124192	128.2053034	3.866623765
160.1122954	13.0383037	128.2436089	3.922165077
160.2403191	13.06536549	128.2823671	3.977792942
160.3686701	13.09244071	128.3215799	4.033544399
160.4973397	13.1195415	128.3612422	4.089456063
160.6263196	13.1466788	128.401349	4.145564034
160.7556013	13.17386232	128.4418956	4.201903798
160.8851764	13.20110063	128.4828776	4.25851013
161.0150368	13.22840119	128.5242908	4.315416986
161.1451743	13.25577032	128.5661314	4.372657386
161.275581	13.28321324	128.6083957	4.430263296
161.406249	13.31073406	128.6510804	4.488265505
161.5371704	13.33833581	128.6941825	4.546693485
161.6683376	13.36602036	128.7376992	4.605575262
161.799743	13.39378845	128.7816279	4.664937262
161.9313791	13.42163965	128.8259665	4.724804165
162.0632386	13.44957231	128.8707129	4.785198746
162.1953142	13.47758353	128.9158655	4.84614171
162.3275987	13.50566911	128.9614228	4.907651524
162.4600911	13.53382348	129.007392	4.969744239
162.5928094	13.56203965	129.0538082	5.032433313
162.7257758	13.59030915	129.100712	5.095729451
162.8590126	13.61862199	129.148144	5.159640468
162.9925418	13.64696667	129.1961446	5.224171179
163.1263856	13.67533014	129.2447538	5.289323328
163.2605662	13.70369784	129.2940119	5.355095539
163.3951057	13.73205373	129.3439586	5.421483299
163.5300261	13.76038037	129.3946337	5.488478978
163.6653496	13.78865897	129.4460767	5.556071867
163.8010982	13.8168695	129.498327	5.624248257
163.937294	13.84499083	129.5514238	5.692991537
164.0739589	13.87300084	129.6054062	5.762282334
164.2111149	13.90087657	129.660313	5.832098669
164.348784	13.92859443	129.7161831	5.902416155
164.4869882	13.95613041	129.7730548	5.973208219
164.6257491	13.98346023	129.8309666	6.044446352
164.765072	14.01055966	129.8899371	6.116100389
164.9049278	14.03740473	129.9499455	6.188138813
165.0452835	14.063972	130.0109664	6.260529046
165.1861064	14.09023873	130.0729746	6.333237726
165.3273639	14.11618313	130.1359455	6.406230955
165.4690238	14.14178453	130.1998546	6.479474528
165.611054	14.16702345	130.2646779	6.552934127
165.753423	14.19188181	130.3303915	6.626575504
165.8960991	14.21634296	130.3969722	6.700364629
166.0390512	14.24039179	130.4643968	6.774267829
166.1822482	14.26401472	130.5326428	6.848251887
166.3256596	14.28719978	130.6016877	6.922284141
166.4692549	14.30993656	130.6715095	6.996332544
166.613004	14.3322162	130.7420867	7.070365714
166.756877	14.35403135	130.8133979	7.144352963
166.9008443	14.37537608	130.8854222	7.218264303
167.044877	14.39624579	130.9581394	7.292070441
167.1889634	14.41663709	131.0315455	7.365742751
167.3331137	14.43654771	131.1056573	7.439253239
167.4773391	14.45597629	131.1804924	7.512574517
167.6216509	14.47492237	131.2560681	7.585679789
167.7660595	14.49338622	131.3324013	7.658542855
167.9105753	14.51136876	131.4095082	7.731138134
168.0552082	14.52887152	131.4874047	7.803440696
168.1999677	14.54589656	131.5661063	7.875426323
168.3448631	14.56244644	131.6456279	7.947071578
168.4899032	14.57852415	131.7259841	8.018353889
168.6350965	14.59413313	131.807189	8.089251656
168.7804511	14.60927724	131.8892563	8.159744367
168.9259747	14.62396078	131.972199	8.229812734
169.0716747	14.63818846	132.0560299	8.299438846
169.2175581	14.65196547	132.1407614	8.368606328
169.3636315	14.6652975	132.2264053	8.437300528
169.5098998	14.67819078	132.3129698	8.505508707
169.6563522	14.69065213	132.4004244	8.573220247
169.8029677	14.70268901	132.4887142	8.640426846
169.9497253	14.71430959	132.5777839	8.707122688
170.0966037	14.72552274	132.6675784	8.773304568
170.2435819	14.73633807	132.7580424	8.838971968
170.3906388	14.74676592	132.8491211	8.904127099
170.5377532	14.75681735	132.9407595	8.968774887
170.6849041	14.7665041	133.0329028	9.032922925
170.8320704	14.77583855	133.1254963	9.096581374
170.979231	14.78483366	133.2184855	9.159762821
171.1263647	14.7935029	133.3118158	9.222482099
171.2734506	14.80186011	133.4054329	9.284756053
171.4204677	14.80991945	133.4992825	9.346603267
171.5673948	14.81769526	133.5933104	9.408043753
171.714211	14.82520189	133.6874626	9.46909858
171.8608953	14.83245356	133.781685	9.529789475
172.0074312	14.83946421	133.8759352	9.590138372
172.1538314	14.84624727	133.9702456	9.650166925
172.3001207	14.85281551	134.0646794	9.709896028
172.4463242	14.85918087	134.1592998	9.769345369
172.5924672	14.86535429	134.2541704	9.828533044
172.7385752	14.8713456	134.3493546	9.887475225
172.8846737	14.87716346	134.444916	9.946185894
173.0307886	14.88281522	134.5409183	10.00467663
173.176946	14.88830693	134.6374252	10.06295644
173.323172	14.89364329	134.7345007	10.12103169
173.469493	14.89882766	134.8322086	10.17890606
173.6159355	14.90386206	134.930613	10.23658056
173.7625264	14.90874728	135.0297781	10.29405359
173.9092925	14.91348288	135.1297679	10.35132112
174.0562609	14.91806735	135.2306469	10.40837686
174.2034589	14.9224982	135.3324795	10.46521252
174.3509139	14.92677212	135.4353301	10.52181815
174.4986453	14.93088519	135.5392448	10.57818245
174.6466391	14.93483302	135.6441961	10.63429325
174.7948732	14.93861097	135.7501379	10.69013792
174.9433254	14.94221436	135.8570244	10.74570377
175.0919736	14.94563861	135.9648098	10.80097839
175.2407955	14.94887942	136.0734483	10.85595005
175.389769	14.95193286	136.1828943	10.9106079
175.5388718	14.95479555	136.2931022	10.96494228
175.6880818	14.95746469	136.4040262	11.01894494
175.8373767	14.95993819	136.5156211	11.07260918
175.9867342	14.9622147	136.6278413	11.12593002
176.1361321	14.96429368	136.7406414	11.17890427
176.2855481	14.96617538	136.8539761	11.23153063
176.4349601	14.96786093	136.9678002	11.28380972
176.5843457	14.96935223	137.0820683	11.33574403
176.7336827	14.97065199	137.1967353	11.38733791
176.882949	14.97176368	137.3117563	11.43859748
177.0321311	14.97269143	137.4271012	11.48953049
177.1812319	14.97343997	137.5427674	11.54014621
177.330256	14.97401457	137.6587552	11.59045524
177.4792077	14.97442095	137.7750647	11.64046937
177.6280914	14.97466519	137.8916961	11.69020139
177.7769112	14.97475368	138.0086492	11.73966499
177.9256712	14.97469308	138.125924	11.78887456
178.0743755	14.97449023	138.2435203	11.83784505
178.2230278	14.97415212	138.3614379	11.88659183
178.3716321	14.97368582	138.4796763	11.93513057
178.520192	14.97309848	138.5982351	11.98347704
178.6687111	14.97239726	138.7171137	12.03164701
178.8171929	14.9715893	138.8363115	12.07965608
178.9656408	14.97068172	138.9558278	12.12751957
179.1140581	14.96968155	139.0756617	12.17525237
179.2624478	14.96859573	139.1958123	12.22286878
179.4108131	14.96743113	139.3162786	12.27038241
179.5591518	14.96619448	139.4370591	12.31780598
179.7074566	14.96489236	139.5581516	12.36515126
179.8557194	14.96353125	139.6795544	12.41242888
180.0039325	14.96211742	139.8012653	12.45964819
180.1520882	14.96065696	139.9232823	12.50681714
180.3001788	14.95915572	140.0456036	12.55394212
180.4481967	14.95761929	140.1682272	12.60102782
180.5961341	14.95605291	140.2911512	12.6480771
180.7439836	14.95446148	140.4143738	12.6950908
180.8917377	14.95284944	140.537893	12.74206766
181.039389	14.95122072	140.661707	12.7890041
181.18693	14.94957868	140.7858142	12.83589412
181.3343535	14.94792604	140.9102126	12.88272911
181.4816521	14.94626474	141.0349006	12.92949773
181.6288185	14.94459591	141.1598765	12.97618575
181.7758457	14.94291973	141.2851386	13.02277585
181.9227273	14.94123534	141.4106863	13.06924753
182.0694676	14.93954074	141.5365342	13.11557693
182.2160793	14.93783264	141.6627085	13.16173665
182.3625748	14.9361064	141.7892353	13.20769566
182.5089666	14.93435592	141.9161406	13.2534192
182.6552669	14.93257355	142.0434503	13.29886867
182.8014879	14.93075002	142.1711903	13.34400158
182.9476414	14.92887441	142.2993862	13.38877154
183.0937392	14.92693405	142.4280633	13.43312825
183.2397929	14.92491451	142.5572471	13.47701751
183.385814	14.9227996	142.6869626	13.52038127
183.5318137	14.92057128	142.8172349	13.56315772
183.6778032	14.91820973	142.9480887	13.60528137
183.8237932	14.91569333	143.0795489	13.64668319
183.9697948	14.91299865	143.2116398	13.68729076
184.1158183	14.91010051	143.3443858	13.72702848
184.2618743	14.90697202	143.477811	13.76581772
184.4079722	14.90358458	143.6119341	13.80357715
184.5541175	14.89990802	143.7467417	13.84022293
184.7003141	14.89591061	143.8822095	13.87566901
184.8465663	14.89155914	144.0183131	13.90982743
184.9928787	14.88681902	144.1550286	13.94260855
185.1392563	14.88165439	144.2923323	13.97392132
185.2857041	14.87602815	144.4302008	14.00367352
185.4322277	14.86990215	144.5686109	14.03177197
185.5788327	14.86323722	144.7075397	14.05812282
185.7255252	14.85599337	144.8469648	14.0826317
185.8723115	14.84812987	144.9868639	14.10520401
186.0191982	14.83960542	145.1272149	14.12574505
186.1661922	14.83037828	145.2679961	14.14416034
186.3133006	14.82040649	145.4091863	14.16035571
186.4605308	14.80964798	145.5507642	14.17423762
186.6078907	14.79806081	145.692709	14.18571328
186.7553883	14.78560338	145.8350003	14.19469094
186.903022	14.7722346	145.9776123	14.20108004
187.0507559	14.75791418	146.1205001	14.20479147
187.1985465	14.74260279	146.2636148	14.20573775
187.3463503	14.7262623	146.4069071	14.20383324
187.4941237	14.70885595	146.550328	14.19899429
187.6418233	14.69034842	146.6938285	14.19113942
187.7894056	14.67070602	146.8373596	14.18018941
187.9368271	14.64989672	146.9808722	14.16606747
188.0840442	14.62789021	147.1243174	14.14869931
188.2310137	14.60465791	147.2676461	14.12801324
188.377692	14.58017299	147.4108096	14.10394022
188.5240357	14.55441032	147.5537587	14.07641395
188.6700015	14.5273464	147.6964447	14.04537088
188.8155459	14.49895927	147.8388187	14.01075027
188.9606255	14.46922844	147.9808318	13.97249419
189.1051971	14.43813466	148.1224351	13.93054753
189.2492174	14.40565985	148.2635799	13.88485799
189.3926604	14.37178681	148.4042206	13.83537609
189.5355375	14.33649909	148.544318	13.7820551
189.6778645	14.29978074	148.6838332	13.72485106
189.8196564	14.26161612	148.8227269	13.66372271
189.9609277	14.22198978	148.9609592	13.59863149
190.1016924	14.18088629	149.0984893	13.5295415
190.2419638	14.13829017	149.2352762	13.45641946
190.3817545	14.09418576	149.3712781	13.37923466
190.5210768	14.04855721	149.5064526	13.29795899
190.6599421	14.00138841	149.6407569	13.21256682
190.7983615	13.95266302	149.7741474	13.12303504
190.9363454	13.90236445	149.9065801	13.02934296
191.0739036	13.85047591	150.0380103	12.93147229
191.2110453	13.79698047	150.1683927	12.82940712
191.3477793	13.74186116	150.2976815	12.72313383
191.4841137	13.68510104	150.4258302	12.61264106
191.6200553	13.62668335	150.5527921	12.49791966
191.7555923	13.56659167	150.6785268	12.37896261
191.890694	13.50481003	150.8030012	12.255765
192.025329	13.44132312	150.9261831	12.12832392
192.1594665	13.3761164	151.0480406	11.99663844
192.2930762	13.30917624	151.1685423	11.86070959
192.4261282	13.24049004	151.2876574	11.7205403
192.558593	13.17004632	151.4053554	11.5761354
192.6904417	13.09783486	151.5216062	11.42750158
192.8216459	13.02384674	151.6363802	11.27464743
192.9521775	12.94807444	151.7496483	11.11758344
193.0820089	12.8705119	151.8613817	10.95632199
193.2111131	12.79115459	151.9715522	10.79087743
193.3394634	12.70999954	152.0801319	10.6212661
193.4670336	12.62704539	152.1870935	10.44750638
193.593798	12.54229244	152.2924098	10.2696188
193.7197311	12.45574264	152.3960544	10.08762607
193.8448084	12.36739965	152.4979999	9.901553187
193.9690089	12.27726883	152.5982044	9.71142758
194.0923136	12.18535726	152.6966156	9.517279172
194.2147034	12.09167371	152.7931809	9.319140508
194.3361592	11.99622874	152.8878475	9.117046844
194.4566615	11.89903458	152.9805624	8.91103623
194.5761906	11.80010523	153.0712723	8.701149582
194.6947266	11.69945642	153.1599239	8.487430737
194.8122495	11.59710561	153.2464636	8.269926502
194.9287391	11.49307199	153.3308376	8.048686682
195.0441749	11.38737648	153.412992	7.823764099
195.1585362	11.2800417	153.4928727	7.595214591
195.2718024	11.17109199	153.5704254	7.363097003
195.3839524	11.06055336	153.6455958	7.127473152
195.4949652	10.94845348	153.7183294	6.888407786
195.6048193	10.83482164	153.7885715	6.645968517
195.7134934	10.71968877	153.8562673	6.400225739
195.8209664	10.60308732	153.9213653	6.151252528
195.9272215	10.48505128	153.9838371	5.899124529
196.0322434	10.36561613	154.043664	5.643919825
196.1360169	10.24481876	154.1008276	5.385718826
196.2385264	10.12269745	154.1553092	5.124604156
196.3397562	9.999291778	154.2070899	4.860660559
196.4396906	9.874642634	154.2561509	4.593974803
196.5383136	9.748792103	154.3024734	4.324635607
196.6356091	9.621783432	154.3460382	4.05273356
196.7315609	9.493660965	154.3868264	3.778361057
196.8261527	9.364470072	154.4248189	3.501612238
196.919368	9.234257081	154.4599965	3.222582929
197.0111902	9.1030692	154.4923402	2.94137059
197.1016027	8.970954434	154.5218307	2.658074265
197.1905886	8.837961498	154.548449	2.372794537
197.2781312	8.704139718	154.5721759	2.085633476
197.3642134	8.569538936	154.5929923	1.796694601
197.4488252	8.434209391	154.6108846	1.506082826
197.5319784	8.298201616	154.6258566	1.213904424
197.6136894	8.161566322	154.6379155	0.92026699
197.6939746	8.024354316	154.647069	0.625279424
197.7728508	7.886616428	154.6533251	0.32905194
197.850335	7.748403465	154.6566921	0.031696083
197.9264444	7.609766174	154.6571784	-0.26667523
198.0011964	7.47075524	154.654793	-0.565947648
198.0746086	7.331421285	154.649545	-0.866005316
198.1466986	7.191814904	154.6414436	-1.166730785
198.2174846	7.051986704	154.6304986	-1.468004902
198.2869844	6.91198737	154.6167199	-1.769706695
198.3552165	6.771867748	154.6001176	-2.071713239
198.4221992	6.631678942	154.580702	-2.373899508
198.4879511	6.491472431	154.558484	-2.67613822
198.5524908	6.351300204	154.5334743	-2.978299667
198.615837	6.211214908	154.5056838	-3.280251539
198.6779902	6.071270016	154.4750991	-3.581858734
198.7389156	5.931519992	154.4416587	-3.882983184
198.7985743	5.792020452	154.4052957	-4.183483708
198.8569273	5.652828282	154.3659434	-4.483215926
198.9139358	5.514001729	154.323535	-4.782032236
198.9695607	5.375600445	154.278004	-5.079781858
199.0237631	5.237685505	154.2292836	-5.376310946
199.076504	5.100319374	154.1773075	-5.671462765
199.1277444	4.963565847	154.1220091	-5.965077941
199.1774453	4.82748994	154.0633221	-6.25699478
199.2255675	4.692157749	154.0011801	-6.54704966
199.2720722	4.557636264	153.9355171	-6.8350775
199.31692	4.423993139	153.8662668	-7.120912294
199.3600721	4.291296427	153.7933633	-7.404387735
199.4014891	4.159614272	153.7167406	-7.685337908
199.4411319	4.029014549	153.636333	-7.963598062
199.4789627	3.899564472	153.5520771	-8.239005468
199.5149888	3.771330156	153.4639976	-8.511400345
199.5492734	3.644376159	153.3722273	-8.780626826
199.5818834	3.518765041	153.2769054	-9.046533881
199.6128854	3.394556972	153.1781708	-9.308976163
199.642346	3.271809376	153.0761622	-9.567814751
199.6703316	3.150576634	152.9710177	-9.822917809
199.6969087	3.030909818	152.8628749	-10.07416115
199.7221439	2.912856488	152.7518713	-10.3214287
199.7461034	2.79646052	152.6381438	-10.56461292
199.7688535	2.681761987	152.521829	-10.80361506
199.7904607	2.568797078	152.4030628	-11.03834539
199.8109912	2.457598069	152.281981	-11.26872337
199.8305113	2.348193327	152.1587187	-11.49467765
199.8490872	2.240607368	152.0334107	-11.71614603
199.8667852	2.134860947	151.9061912	-11.93307541
199.8836714	2.030971204	151.7771941	-12.14542153
199.8998089	1.928951838	151.6465474	-12.35314873
199.9152245	1.828813329	151.5143217	-12.5562296
199.9299234	1.730563178	151.3805528	-12.75464459
199.9439104	1.634206152	151.2452756	-12.94838163
199.9571903	1.539744508	151.1085248	-13.13743568
199.9697679	1.447178217	150.970335	-13.32180843
199.9816481	1.356505168	150.8307405	-13.50150787
199.9928358	1.26772136	150.6897755	-13.67654793
200.0033358	1.180821086	150.5474738	-13.84694817
200.0131532	1.095797102	150.4038692	-14.01273341
200.0222928	1.012640782	150.2589951	-14.17393339
200.0307598	0.931342263	150.1128848	-14.33058248
200.0385589	0.851890578	149.9655713	-14.48271938
200.0456954	0.774273779	149.8170873	-14.63038678
200.0521743	0.698479042	149.6674655	-14.77363112
200.0580006	0.624492768	149.5167382	-14.91250229
200.0631796	0.552300668	149.3649374	-15.04705335
200.0677167	0.481887834	149.2120937	-15.17734033
200.0716212	0.41323881	149.0582284	-15.30342192
200.0749032	0.346337638	148.9033597	-15.42535928
200.077573	0.281167915	148.7475059	-15.54321582
200.079641	0.217712825	148.5906853	-15.65705702
200.0811177	0.15595518	148.4329166	-15.76695022
200.0820132	0.095877449	148.2742185	-15.87296452
200.0823382	0.037461777	148.1146099	-15.97517059
200.0821029	-0.019309992	147.9541096	-16.07364062
200.0813177	-0.074456304	147.7927369	-16.16844815
200.079993	-0.12799589	147.6305109	-16.25966804
200.0781393	-0.17994776	147.4674511	-16.34737636
200.0757668	-0.230331209	147.3035768	-16.43165038
200.0728859	-0.279165823	147.1389075	-16.51256846
200.0695068	-0.32647149	146.973463	-16.59021013
200.0656399	-0.372268419	146.807263	-16.66465594
200.0612954	-0.416577161	146.6403274	-16.73598758
200.0564863	-0.45941863	146.4726817	-16.80428781
200.0512363	-0.500814135	146.3043738	-16.86964048
200.0455717	-0.540785399	146.1354564	-16.93213057
200.0395186	-0.579354577	145.9659828	-16.99184414
200.0331031	-0.616544261	145.7960068	-17.04886832
200.0263513	-0.652377468	145.6255821	-17.10329125
200.0192894	-0.686877631	145.4547629	-17.15520199
200.0119433	-0.720068562	145.2836039	-17.20469042
200.0043391	-0.751974419	145.1121597	-17.25184712
199.9965029	-0.782619649	144.9404857	-17.29676319
199.9884607	-0.812028928	144.7686371	-17.33953009
199.9802384	-0.840227084	144.5966699	-17.38023939
199.9718621	-0.867239011	144.42464	-17.41898256
199.9633577	-0.893089567	144.2526038	-17.45585067
199.9547513	-0.917803462	144.0806179	-17.4909341
199.9460687	-0.941405137	143.9087394	-17.52432214
199.9373358	-0.963918617	143.7370249	-17.55610271
199.9285595	-0.98536737	143.5654935	-17.58636185
199.9197143	-1.005774147	143.3940976	-17.61518336
199.9107716	-1.025160853	143.2227831	-17.64264836
199.9017027	-1.043548434	143.0514952	-17.66883496
199.8924789	-1.060956811	142.8801792	-17.69381798
199.8830714	-1.077404841	142.70878	-17.71766869
199.8734518	-1.092910316	142.537242	-17.74045467
199.8635913	-1.107489988	142.3655097	-17.76223967
199.8534614	-1.12115964	142.1935272	-17.7830836
199.8430334	-1.13393418	142.0212381	-17.80304248
199.8322787	-1.145827775	141.8485861	-17.82216854
199.8211689	-1.156854011	141.6755146	-17.84051034
199.8096753	-1.167026096	141.5019664	-17.85811294
199.7977693	-1.176357085	141.3278846	-17.87501813
199.7854226	-1.184860148	141.1532116	-17.89126473
199.7726066	-1.192548862	140.9778898	-17.90688895
199.7592943	-1.199437542	140.8018633	-17.92192477
199.7455021	-1.205541596	140.625132	-17.93640443
199.7312945	-1.210877891	140.4477579	-17.95035888
199.7167384	-1.215465093	140.2698061	-17.96381828
199.7019008	-1.219323954	140.0913413	-17.97681238
199.6868487	-1.222477559	139.9124282	-17.98937091
199.671649	-1.224951502	139.733131	-18.0015239
199.6563687	-1.226774026	139.5535139	-18.01330192
199.6410747	-1.227976098	139.3736408	-18.02473626
199.6258338	-1.228591438	139.1935753	-18.03585916
199.6107132	-1.228656488	139.0133808	-18.04670381
199.5957795	-1.228210331	138.8331205	-18.05730449
199.5810998	-1.227294555	138.6528572	-18.06769647
199.5667408	-1.225953062	138.4726537	-18.07791602
199.5527695	-1.224231817	138.2925724	-18.08800026
199.5392526	-1.222178551	138.1126755	-18.09798699
199.5262569	-1.219842403	137.9330249	-18.10791447
199.513845	-1.217273501	137.7536785	-18.11782115
199.5020207	-1.214522504	137.5746424	-18.12774532
199.4907459	-1.211640109	137.3958857	-18.1377248
199.4799817	-1.208676574	137.2173765	-18.14779653
199.4696891	-1.205681279	137.0390827	-18.15799631
199.4598291	-1.202702309	136.8609721	-18.16835848
199.4503628	-1.199786088	136.6830125	-18.17891564
199.4412514	-1.196977033	136.5051713	-18.18969845
199.4324559	-1.19431725	136.327416	-18.20073537
199.4239375	-1.191846263	136.1497138	-18.21205252
199.4156573	-1.189600772	135.9720317	-18.22367348
199.4075765	-1.187614448	135.7943368	-18.2356192
199.3996562	-1.185917759	135.6165958	-18.24790785
199.3918578	-1.184537825	135.4387755	-18.26055479
199.3841424	-1.183498315	135.2608424	-18.27357247
199.3764714	-1.182819359	135.0827629	-18.28697044
199.3688059	-1.182517508	134.9045032	-18.30075531
199.3611081	-1.182605713	134.7260314	-18.31493085
199.3533436	-1.183093343	134.5473255	-18.32949795
199.3454793	-1.183986225	134.3683676	-18.34445475
199.3374821	-1.185286715	134.1891401	-18.35979673
199.3293189	-1.186993792	134.0096261	-18.37551678
199.3209565	-1.189103178	133.8298089	-18.39160531
199.3123618	-1.19160749	133.6496726	-18.4080504
199.3035016	-1.194496406	133.4692014	-18.42483795
199.2943428	-1.197756866	133.2883802	-18.44195174
199.2848521	-1.201373298	133.1071945	-18.45937369
199.2749964	-1.205327869	132.92563	-18.47708395
199.2647422	-1.209600758	132.743673	-18.49506113
199.2540563	-1.214170463	132.5613102	-18.51328243
199.2429054	-1.21901413	132.3785287	-18.53172389
199.231256	-1.224107911	132.195316	-18.55036056
199.2190746	-1.229427346	132.0116603	-18.56916673
199.2063277	-1.234947778	131.8275498	-18.58811615
199.1929982	-1.240644789	131.6429792	-18.60718226
199.1791234	-1.246494654	131.4579627	-18.62633842
199.1647522	-1.252474788	131.272518	-18.64555816
199.1499334	-1.258564155	131.0866623	-18.66481539
199.1347155	-1.264743632	130.9004124	-18.68408458
199.1191475	-1.270996331	130.7137845	-18.703341
199.103278	-1.277307878	130.5267945	-18.72256083
199.0871559	-1.283666645	130.3394576	-18.74172138
199.07083	-1.290063941	130.1517887	-18.76080119
199.0543492	-1.296494158	129.9638022	-18.77978018
199.0377623	-1.302954873	129.7755122	-18.79863975
199.0211182	-1.309446909	129.5869321	-18.81736295
199.0044661	-1.315974347	129.3980751	-18.83593449
198.9878548	-1.322544502	129.2089538	-18.8543409
198.9713335	-1.329167849	129.0195806	-18.87257055
198.9549513	-1.335857907	128.8299672	-18.89061378
198.9387573	-1.342631079	128.6401251	-18.90846288
198.9227851	-1.349506452	128.4500698	-18.92611221
198.9070371	-1.356505555	128.259826	-18.9435582
198.8915116	-1.363652107	128.0694194	-18.96079938
198.8762069	-1.370971757	127.8788757	-18.97783639
198.8611215	-1.378491824	127.6882208	-18.99467193
198.8462538	-1.386241038	127.4974802	-19.01131078
198.8316023	-1.394249282	127.3066797	-19.02775967
198.8171654	-1.402547329	127.115845	-19.04402725
198.8029415	-1.411166582	126.9250018	-19.06012398
198.7889291	-1.42013881	126.7341756	-19.07606196
198.7751268	-1.429495889	126.5433921	-19.09185484
198.761533	-1.43926953	126.3526769	-19.10751765
198.7481463	-1.449491016	126.1620556	-19.12306656
198.7349652	-1.460190929	125.9715536	-19.13851873
198.7219881	-1.471398879	125.7811965	-19.15389205
198.7092137	-1.483143228	125.5910098	-19.16920488
198.6966396	-1.495450812	125.4010176	-19.1844758
198.6842401	-1.508346659	125.2112119	-19.19972329
198.6719667	-1.521853721	125.0215531	-19.21496547
198.6597698	-1.535992626	124.8320005	-19.23021977
198.6475996	-1.550781473	124.6425137	-19.2455027
198.6354065	-1.56623566	124.4530527	-19.26082969
198.6231408	-1.58236775	124.2635778	-19.27621484
198.6107529	-1.599187383	124.0740498	-19.29167082
198.5981931	-1.616701217	123.8844296	-19.30720876
198.5854118	-1.63491291	123.6946788	-19.32283819
198.5723591	-1.653823141	123.5047591	-19.33856696
198.5589855	-1.673429669	123.3146325	-19.3544013
198.5452413	-1.693727429	123.1242616	-19.37034578
198.5310768	-1.714708666	122.9336092	-19.38640342
198.5164422	-1.736363105	122.7426385	-19.40257575
198.501288	-1.758678163	122.5513129	-19.41886298
198.4855644	-1.781639198	122.3595964	-19.43526409
198.4692256	-1.805229792	122.1674564	-19.45177708
198.4522714	-1.829432074	121.9748985	-19.46839914
198.434731	-1.854227047	121.781953	-19.4851269
198.4166341	-1.879594911	121.5886504	-19.50195662
198.3980102	-1.905515348	121.395021	-19.51888438
198.3788889	-1.931967779	121.2010953	-19.53590625
198.3592999	-1.958931593	121.0069037	-19.55301839
198.3392726	-1.986386337	120.8124764	-19.57021715
198.3188366	-2.014311884	120.6178436	-19.5874992
198.2980214	-2.042688567	120.4230356	-19.60486147
198.2768566	-2.07149728	120.2280825	-19.62230128
198.2553715	-2.100719555	120.0330143	-19.63981622
198.2335958	-2.130337602	119.837861	-19.65740423
198.2115587	-2.160334325	119.6426527	-19.67506341
198.1892898	-2.190693304	119.4474192	-19.69279202
198.1668185	-2.221398753	119.2521904	-19.71058834
198.1441741	-2.252435445	119.0569961	-19.72845049
198.1213807	-2.283788605	118.8618597	-19.74637628
198.0984272	-2.315443788	118.6667619	-19.76436304
198.0752883	-2.347386739	118.4716665	-19.78240736
198.0519384	-2.379603275	118.2765375	-19.80050498
198.0283522	-2.412079174	118.081339	-19.81865063
198.0045042	-2.444800093	117.8860356	-19.83683788
197.980369	-2.477751503	117.6905919	-19.85505908
197.9559212	-2.510918643	117.4949729	-19.87330535
197.9311353	-2.544286498	117.2991438	-19.89156648
197.905986	-2.577839796	117.1030699	-19.90983101
197.8804477	-2.611563024	116.9067171	-19.92808622
197.854495	-2.645440464	116.7100513	-19.94631825
197.8281026	-2.67945626	116.5130386	-19.96451216
197.8012448	-2.713594491	116.3156455	-19.98265208
197.7738963	-2.747839277	116.1178386	-20.00072138
197.7460317	-2.782174899	115.9195849	-20.01870283
197.7176254	-2.81658595	115.7208517	-20.03657887
197.6886638	-2.851057495	115.5216218	-20.05433182
197.659168	-2.885575254	115.3219242	-20.07194419
197.6291655	-2.920125778	115.1217958	-20.08939889
197.5986839	-2.954696604	114.9212731	-20.10667953
197.567751	-2.989276395	114.7203923	-20.12377062
197.5363944	-3.023855038	114.5191892	-20.1406577
197.5046421	-3.058423736	114.3176992	-20.15732757
197.472522	-3.092975064	114.1159575	-20.17376837
197.4400621	-3.127503003	113.9139987	-20.18996964
197.4072907	-3.162002949	113.7118574	-20.20592247
197.374236	-3.196471702	113.5095674	-20.22161943
197.3409264	-3.23090742	113.3071626	-20.23705469
197.3073902	-3.265309561	113.1046762	-20.25222388
197.2736561	-3.299678787	112.9021413	-20.26712413
197.2397528	-3.334016857	112.6995904	-20.28175397
197.2057088	-3.36832648	112.497056	-20.29611321
197.1715531	-3.402611155	112.2945697	-20.31020282
197.1372997	-3.436874983	112.0921529	-20.32402479
197.102936	-3.471122458	111.889808	-20.33758194
197.0684465	-3.505358262	111.6875352	-20.35087774
197.0338156	-3.53958707	111.485335	-20.36391614
196.9990273	-3.573813365	111.2832078	-20.37670137
196.9640657	-3.60804127	111.0811543	-20.38923777
196.928915	-3.642274396	110.879175	-20.40152962
196.8935588	-3.676515699	110.6772704	-20.41358095
196.8579809	-3.710767355	110.4754414	-20.42539537
196.8221651	-3.745030649	110.2736886	-20.43697592
196.7860947	-3.779305875	110.0720127	-20.44832486
196.7497531	-3.813592256	109.8704145	-20.45944352
196.7131236	-3.847887874	109.6688949	-20.47033215
196.6761894	-3.882189618	109.4674548	-20.4809897
196.6389334	-3.916493141	109.2660949	-20.49141373
196.6013384	-3.950792842	109.0648162	-20.50160017
196.5633874	-3.985081852	108.8636191	-20.51154321
196.5250655	-4.019352042	108.6624856	-20.52123513
196.4863607	-4.053594046	108.4613764	-20.53066611
196.4472615	-4.087797288	108.2602512	-20.53982416
196.4077561	-4.12195003	108.0590697	-20.54869503
196.3678331	-4.156039423	107.8577916	-20.55726211
196.3274811	-4.190051576	107.6563769	-20.56550648
196.2866887	-4.223971624	107.4547856	-20.5734069
196.2454447	-4.257783821	107.2529776	-20.5809399
196.203738	-4.291471636	107.0509133	-20.58807986
196.1615575	-4.325017857	106.8485529	-20.59479918
196.1188923	-4.358404713	106.6458569	-20.60106843
196.0757315	-4.391614001	106.4427858	-20.60685662
196.0320645	-4.424627233	106.2393002	-20.61213141
195.9878805	-4.457425778	106.0353609	-20.61685942
195.943169	-4.489991036	105.8309289	-20.6210066
195.8979197	-4.522304602	105.6259651	-20.62453856
195.852124	-4.55434846	105.4204359	-20.62742104
195.8057915	-4.586105172	105.2143579	-20.6296203
195.7589417	-4.617558079	105.0077773	-20.63110363
195.7115945	-4.648691483	104.8007405	-20.6318398
195.6637696	-4.679490823	104.5932941	-20.6317994
195.6154866	-4.709942834	104.385485	-20.63095533
195.5667651	-4.740035687	104.17736	-20.62928302
195.5176243	-4.769759125	103.968966	-20.62676084
195.4680838	-4.799104571	103.7603502	-20.62337032
195.4181628	-4.828065235	103.5515597	-20.6190964
195.3678804	-4.856636201	103.3426417	-20.61392762
195.3172557	-4.884814496	103.1336438	-20.60785635
195.2663077	-4.912599159	102.9246132	-20.60087884
195.2150553	-4.939991281	102.7155976	-20.5929954
195.1635172	-4.966994043	102.5066446	-20.58421043
195.1117121	-4.993612734	102.2978018	-20.57453245
195.0596586	-5.019854762	102.089117	-20.56397414
195.0073757	-5.045729643	101.8806364	-20.55255225
194.954886	-5.071248987	101.6723966	-20.54028759
194.902213	-5.096426461	101.4644308	-20.52720489
194.8493804	-5.121277735	101.2567722	-20.5133327
194.7964118	-5.145820418	101.0494538	-20.49870325
194.7433307	-5.170073966	100.8425086	-20.48335227
194.6901604	-5.194059579	100.6359695	-20.46731884
194.6369243	-5.217800076	100.4298695	-20.45064512
194.5836457	-5.241319751	100.2242413	-20.43337615
194.530348	-5.264644217	100.0191178	-20.41555963
194.4770543	-5.287800221	99.81453171	-20.39724555
194.4237877	-5.310815451	99.6105157	-20.37848597
194.3705714	-5.333718313	99.40710238	-20.35933464
194.3174284	-5.356537699	99.20432433	-20.33984667
194.2643816	-5.379302731	99.00221408	-20.32007815
194.211454	-5.40204248	98.80080409	-20.30008571
194.1586685	-5.424785676	98.60012679	-20.27992613
194.1060361	-5.447560392	98.40019927	-20.25965586
194.0535264	-5.470393714	98.20098499	-20.23933056
194.0010999	-5.493311428	98.00243583	-20.21900462
193.9487172	-5.516337724	97.80450381	-20.19873073
193.8963392	-5.539494938	97.60714118	-20.17855949
193.8439267	-5.562803333	97.41030035	-20.15853908
193.7914409	-5.586280905	97.21393391	-20.13871494
193.7388428	-5.609943223	97.01799466	-20.1191295
193.6860938	-5.633803313	96.82243556	-20.09982196
193.6331552	-5.657871557	96.62720974	-20.08082812
193.5799887	-5.682155644	96.43227056	-20.06218019
193.5265558	-5.706660533	96.23757152	-20.04390674
193.4728184	-5.731388466	96.04306633	-20.02603258
193.4187383	-5.756339003	95.84870888	-20.00857877
193.3642777	-5.781509092	95.65445327	-19.99156259
193.3093987	-5.806893169	95.46025378	-19.97499761
193.2540638	-5.832483289	95.26606515	-19.95889373
193.1982505	-5.858269295	95.07185985	-19.94325737
193.1419602	-5.884238996	94.87763925	-19.92809152
193.0851969	-5.910378369	94.68340735	-19.91339595
193.0279643	-5.936671747	94.48916809	-19.89916734
192.9702663	-5.963102007	94.29492538	-19.88539941
192.9121067	-5.989650756	94.10068308	-19.87208306
192.8534892	-6.016298505	93.906445	-19.85920647
192.7944176	-6.043024846	93.71221489	-19.84675526
192.7348957	-6.069808621	93.51799647	-19.83471255
192.6749272	-6.096628086	93.32379341	-19.82305908
192.6145157	-6.123461079	93.12960932	-19.81177332
192.5536651	-6.150285168	92.93544778	-19.80083151
192.4923789	-6.177077817	92.74131231	-19.79020782
192.4306609	-6.203816529	92.54720638	-19.77987433
192.3685147	-6.230479001	92.35313342	-19.76980118
192.3059439	-6.257043264	92.1590968	-19.75995658
192.2429523	-6.283487833	91.96509935	-19.75030689
192.1795484	-6.309791842	91.77113104	-19.74081669
192.1157456	-6.335935184	91.57716835	-19.73144879
192.0515575	-6.361898636	91.38318715	-19.72216434
191.986998	-6.387663979	91.18916337	-19.71292291
191.9220808	-6.4132141	90.99507299	-19.70368259
191.8568199	-6.438533096	90.800892	-19.69440012
191.7912293	-6.463606356	90.60659651	-19.68503104
191.7253228	-6.488420634	90.41216262	-19.67552988
191.6591148	-6.512964121	90.21756652	-19.66585033
191.5926192	-6.537226494	90.02278447	-19.65594548
191.5258503	-6.561198966	89.82779277	-19.64576804
191.4588224	-6.584874321	89.63256778	-19.6352706
191.3915499	-6.608246933	89.43708594	-19.62440595
191.3240471	-6.63131279	89.24132376	-19.61312734
191.2563285	-6.654069491	89.0452578	-19.60138885
191.1884087	-6.676516247	88.84886471	-19.58914573
191.1203022	-6.698653862	88.6521251	-19.57635481
191.0520234	-6.720484706	88.45506804	-19.56297485
190.9835862	-6.742012686	88.25775539	-19.548967
190.9150046	-6.763243195	88.06024941	-19.53429511
190.8462924	-6.784183056	87.86261212	-19.51892612
190.7774633	-6.804840465	87.66490533	-19.50283026
190.708531	-6.825224905	87.46719062	-19.48598133
190.6395088	-6.845347074	87.26952934	-19.46835685
190.5704102	-6.865218782	87.07198259	-19.44993819
190.5012484	-6.884852853	86.87461126	-19.43071067
190.4320365	-6.90426301	86.67747597	-19.41066356
190.3627877	-6.923463752	86.48063711	-19.38979008
190.2935149	-6.942470225	86.28415483	-19.36808737
190.2242307	-6.961298078	86.08808903	-19.34555633
190.154948	-6.979963311	85.89249938	-19.32220152
190.0856793	-6.998482115	85.6974453	-19.29803092
190.0164371	-7.016870701	85.50298595	-19.27305573
189.9472283	-7.035145121	85.30917063	-19.24729005
189.8780321	-7.053321078	85.11599882	-19.22075055
189.8088187	-7.071413752	84.92345413	-19.19345617
189.7395581	-7.089437642	84.73152028	-19.16542774
189.6702204	-7.107406435	84.54018108	-19.13668773
189.6007753	-7.125332901	84.34942046	-19.10725992
189.5311928	-7.143228819	84.15922244	-19.07716912
189.4614424	-7.161104928	83.96957115	-19.04644098
189.3914937	-7.178970904	83.7804508	-19.01510172
189.3213162	-7.196835364	83.59184569	-18.98317792
189.2508794	-7.214705901	83.40374023	-18.95069636
189.1801523	-7.23258914	83.21611889	-18.91768384
189.1091043	-7.250490827	83.02896621	-18.884167
189.0377043	-7.268415942	82.84226682	-18.85017225
188.9659213	-7.286368838	82.65600541	-18.81572558
188.893724	-7.30435341	82.47016672	-18.78085254
188.8210813	-7.322373293	82.28473557	-18.7455781
188.7479754	-7.34043208	82.09969979	-18.70992663
188.6744321	-7.358533561	81.91505657	-18.67392182
188.6004852	-7.376681966	81.73080474	-18.63758668
188.5261689	-7.39488217	81.54694307	-18.60094347
188.4515174	-7.413139882	81.36347017	-18.56401372
188.3765649	-7.431461791	81.18038458	-18.52681815
188.3013459	-7.449855694	80.99768472	-18.4893767
188.2258948	-7.468330581	80.81536894	-18.45170848
188.1502464	-7.486896698	80.63343548	-18.4138318
188.0744353	-7.505565571	80.45188252	-18.3757641
187.9984964	-7.524350006	80.27070814	-18.33752201
187.9224646	-7.543264051	80.08991038	-18.2991213
187.846375	-7.562322929	79.90948716	-18.2605769
187.7702629	-7.581542938	79.72943638	-18.22190292
187.6941634	-7.600941324	79.54975583	-18.18311263
187.6181121	-7.620536106	79.37044326	-18.14421848
187.5421443	-7.640345891	79.19149634	-18.10523214
187.4662742	-7.660389634	79.01291284	-18.06616446
187.3904751	-7.680686397	78.83469104	-18.02702554
187.3147156	-7.701255093	78.65682956	-17.98782476
187.2389645	-7.722114267	78.47932746	-17.94857073
187.1631903	-7.743281888	78.30218412	-17.90927142
187.0873618	-7.764775177	78.12539932	-17.86993409
187.0114478	-7.786610449	77.94897319	-17.83056538
186.935417	-7.808802991	77.77290623	-17.79117132
186.8592382	-7.831366961	77.59719933	-17.75175735
186.7828803	-7.854315302	77.4218537	-17.71232836
186.7063122	-7.8776597	77.24687094	-17.6728887
186.6295029	-7.901410542	77.07225297	-17.63344222
186.5524211	-7.925576924	76.89800209	-17.5939923
186.475036	-7.950166659	76.72412093	-17.55454186
186.3973165	-7.975186324	76.55061246	-17.51509338
186.3192318	-8.000641329	76.37747997	-17.47564892
186.2407518	-8.026536001	76.20472687	-17.43621014
186.1618645	-8.052873699	76.03235178	-17.39677831
186.0825749	-8.079656941	75.86034858	-17.35735431
186.0028888	-8.106887527	75.68871092	-17.31793868
185.9228118	-8.134566658	75.51743234	-17.27853158
185.8423498	-8.162695045	75.34650635	-17.23913289
185.7615085	-8.191273012	75.17592638	-17.19974218
185.6802936	-8.220300583	75.00568579	-17.16035877
185.598711	-8.249777569	74.83577791	-17.12098176
185.5167665	-8.279703637	74.66619597	-17.08161013
185.4344658	-8.310078378	74.49693317	-17.04224271
185.3518148	-8.340901359	74.32798265	-17.00287831
185.2688193	-8.372172169	74.15933749	-16.96351575
185.1854852	-8.403890459	73.99099073	-16.92415395
185.1018183	-8.436055967	73.82293534	-16.88479201
185.0178245	-8.468668536	73.65516427	-16.84542926
184.9335097	-8.501728126	73.4876704	-16.80606541
184.8488795	-8.535234812	73.32044846	-16.76670059
184.7639368	-8.569188778	73.15351344	-16.72733548
184.6786827	-8.603590299	72.98689255	-16.68797143
184.593118	-8.63843972	72.82061294	-16.64861047
184.5072433	-8.673737428	72.65470151	-16.60925543
184.4210588	-8.709483821	72.48918495	-16.56990995
184.3345646	-8.745679275	72.32408968	-16.53057847
184.2477605	-8.7823241	72.1594419	-16.49126625
184.1606459	-8.8194185	71.99526753	-16.4519793
184.0732201	-8.856962523	71.83159226	-16.41272434
183.985482	-8.894956011	71.66844152	-16.37350867
183.8974303	-8.933398548	71.50584046	-16.33434015
183.8090635	-8.972289403	71.34381399	-16.29522697
183.7203797	-9.011627467	71.18238672	-16.25617756
183.6313766	-9.051411196	71.02158301	-16.21720039
183.542052	-9.091638545	70.86142694	-16.17830378
183.4524031	-9.132306902	70.70194228	-16.13949566
183.3624249	-9.17341302	70.54314643	-16.10078337
183.2721001	-9.214952952	70.3850187	-16.06217336
183.1814069	-9.25692199	70.22752401	-16.02367095
183.0903238	-9.299314615	70.0706274	-15.98528009
182.9988297	-9.342124468	69.91429406	-15.94700315
182.9069035	-9.385344325	69.75848936	-15.90884078
182.8145248	-9.428966102	69.60317884	-15.87079169
182.7216731	-9.472980864	69.44832822	-15.83285259
182.6283284	-9.517378848	69.29390342	-15.79501811
182.5344712	-9.56214951	69.13987055	-15.75728068
182.440082	-9.607281575	68.98619594	-15.71963055
182.3451417	-9.65276311	68.83284612	-15.68205579
182.2496317	-9.698581603	68.67978787	-15.64454229
182.1535334	-9.744724064	68.52698818	-15.60707383
182.056829	-9.791177134	68.37441431	-15.56963217
181.9595006	-9.837927205	68.22203377	-15.53219718
181.8615308	-9.88496056	68.06981435	-15.49474694
181.7629115	-9.932263522	67.91773472	-15.45725796
181.6636586	-9.97982261	67.76580307	-15.41970534
181.563792	-10.02762469	67.61403254	-15.38206297
181.4633317	-10.07565709	67.46243613	-15.34430375
181.3622973	-10.12390777	67.31102672	-15.30639975
181.2607082	-10.17236534	67.15981703	-15.26832239
181.158584	-10.2210192	67.00881966	-15.23004258
181.0559436	-10.26985957	66.85804708	-15.19153092
180.9528061	-10.31887751	66.70751158	-15.15275779
180.8491904	-10.36806499	66.55722533	-15.11369352
180.7451149	-10.41741485	66.40720032	-15.07430851
180.6405983	-10.46692078	66.25744838	-15.03457332
180.5356586	-10.51657733	66.10798121	-14.99445883
180.4303141	-10.56637979	65.95881031	-14.95393628
180.3245824	-10.61632418	65.80994702	-14.91297742
180.2184814	-10.66640715	65.66140252	-14.87155458
180.1120284	-10.71662585	65.5131878	-14.82964073
180.0052291	-10.76697783	65.36531324	-14.78720959
179.8980695	-10.81746091	65.21778842	-14.74423568
179.7905338	-10.86807305	65.07062293	-14.70069441
179.6826059	-10.91881224	64.92382644	-14.65656212
179.57427	-10.96967638	64.7774087	-14.61181613
179.4655099	-11.02066319	64.63137953	-14.56643486
179.3563098	-11.07177014	64.48574882	-14.52039779
179.2466535	-11.1229944	64.34052654	-14.47368561
179.1365251	-11.17433274	64.19572271	-14.42628017
179.0259085	-11.22578155	64.05134742	-14.3781646
178.9147876	-11.27733677	63.90741081	-14.32932331
178.8031463	-11.32899389	63.76392305	-14.27974206
178.6909686	-11.38074797	63.62089438	-14.22940795
178.5782384	-11.43259362	63.47833505	-14.1783095
178.4649396	-11.48452505	63.33625538	-14.12643666
178.3510559	-11.53653611	63.19466566	-14.07378084
178.2365716	-11.58862034	63.0535762	-14.02033494
178.12148	-11.64077103	62.9129962	-13.96609336
178.0057845	-11.69298131	62.77293352	-13.91105206
177.8894888	-11.74524422	62.63339587	-13.85520852
177.7725967	-11.79755279	62.49439079	-13.79856184
177.6551121	-11.8499001	62.35592574	-13.74111269
177.5370387	-11.90227936	62.21800802	-13.68286339
177.4183801	-11.95468394	62.08064488	-13.62381787
177.29914	-12.0071075	61.94384343	-13.56398177
177.1793219	-12.05954396	61.80761068	-13.50336241
177.0589296	-12.11198762	61.67195358	-13.44196882
176.9379664	-12.16443318	61.53687898	-13.3798118
176.816436	-12.21687578	61.40239365	-13.31690391
176.6943416	-12.26931107	61.26850429	-13.25325952
176.5716868	-12.32173521	61.13521754	-13.1888948
176.4484748	-12.37414496	61.00253999	-13.12382782
176.324709	-12.42653767	60.87047816	-13.0580785
176.2003935	-12.47891133	60.73903983	-12.9916687
176.0755391	-12.53126458	60.60824499	-12.92462221
175.9501607	-12.58359676	60.47812031	-12.8569648
175.8242729	-12.63590792	60.34869254	-12.78872418
175.6978906	-12.68819877	60.21998845	-12.71993006
175.5710285	-12.74047073	60.09203487	-12.65061404
175.4437014	-12.79272584	59.96485863	-12.58080964
175.3159241	-12.84496679	59.83848661	-12.51055218
175.1877115	-12.89719678	59.71294572	-12.43987869
175.0590781	-12.94941953	59.58826292	-12.36882785
174.9300389	-13.00163915	59.4644652	-12.29743982
174.8006087	-13.0538601	59.34157962	-12.22575611
174.6708021	-13.106087	59.21963325	-12.1538194
174.540634	-13.1583246	59.09865326	-12.08167336
174.4101191	-13.21057758	58.97866684	-12.00936244
174.2792723	-13.26285047	58.85970125	-11.93693163
174.1481082	-13.31514742	58.74178383	-11.86442621
174.0166368	-13.36747208	58.62493653	-11.79189145
173.884841	-13.41982739	58.50915183	-11.71937233
173.7526948	-13.47221544	58.39441235	-11.64691325
173.6201727	-13.52463725	58.28070097	-11.57455771
173.4872491	-13.57709269	58.16800082	-11.50234801
173.3538988	-13.62958034	58.05629528	-11.43032503
173.2200971	-13.68209738	57.94556797	-11.35852796
173.0858191	-13.73463953	57.83580275	-11.28699404
172.9510406	-13.78720103	57.7269837	-11.21575835
172.8157374	-13.83977455	57.61909515	-11.14485358
172.6798858	-13.89235124	57.51212164	-11.07430984
172.5434622	-13.9449207	57.4060479	-11.00415444
172.4064434	-13.99747103	57.30085893	-10.93441177
172.2688064	-14.04998891	57.19653989	-10.86510302
172.1305286	-14.10245963	57.09307616	-10.79624612
171.9915878	-14.15486722	56.99045332	-10.72785553
171.8519618	-14.20719455	56.88865715	-10.65994209
171.7116362	-14.25942346	56.78766692	-10.59251291
171.5706206	-14.31153496	56.68744001	-10.52557124
171.4289297	-14.36350929	56.58792935	-10.45911635
171.2865782	-14.41532618	56.48908799	-10.39314348
171.1435813	-14.46696489	56.39086911	-10.3276438
170.9999543	-14.51840437	56.29322599	-10.26260445
170.8557125	-14.5696234	56.19611207	-10.19800853
170.7108716	-14.62060064	56.09948088	-10.13383522
170.5654474	-14.67131475	56.00328611	-10.07005989
170.4194561	-14.72174443	55.90748158	-10.00665428
170.2729137	-14.77186853	55.81202123	-9.943586629
170.1258368	-14.82166609	55.71685916	-9.88082199
169.9782419	-14.87111634	55.62194961	-9.818322442
169.8301458	-14.92019878	55.52724694	-9.756047417
169.6815656	-14.96889318	55.4327057	-9.693954047
169.5325184	-15.01717956	55.33828054	-9.631997546
169.3830215	-15.06503822	55.24392687	-9.57013163
169.233085	-15.11244971	55.14963372	-9.508308983
169.0827079	-15.15939479	55.05544201	-9.446481728
168.9318876	-15.20585441	54.9613968	-9.384601902
168.7806212	-15.25180971	54.86754283	-9.322621883
168.6289054	-15.29724199	54.77392448	-9.260494789
168.4767365	-15.34213268	54.68058578	-9.198174832
168.3241104	-15.38646339	54.58757039	-9.135617634
168.1710226	-15.43021588	54.49492165	-9.072780514
168.0174681	-15.47337209	54.40268251	-9.009622723
167.8634416	-15.51591416	54.31089558	-8.946105663
167.7089372	-15.55782449	54.2196031	-8.882193051
167.5539489	-15.59908574	54.12884693	-8.817851065
167.3984699	-15.63968096	54.0386686	-8.753048446
167.2424932	-15.67959357	53.94910925	-8.68775657
167.0860115	-15.71880752	53.86020964	-8.621949489
166.9290167	-15.75730735	53.77201019	-8.555603937
166.7715014	-15.79507828	53.6845503	-8.488699309
166.6134756	-15.83210635	53.59785462	-8.421217604
166.4549675	-15.86837854	53.51193331	-8.35314335
166.2960059	-15.9038829	53.42679589	-8.28446352
166.1366197	-15.93860859	53.34245184	-8.215167436
165.9768378	-15.97254602	53.25891066	-8.145246675
165.8166891	-16.00568688	53.1761818	-8.074694974
165.6562026	-16.03802416	53.0942747	-8.003508126
165.4954073	-16.0695522	53.01319877	-7.931683875
165.334332	-16.10026671	52.9329634	-7.859221816
165.1730058	-16.1301647	52.85357792	-7.786123277
165.0114577	-16.15924447	52.77505165	-7.712391215
164.8497167	-16.18750557	52.69739385	-7.638030096
164.6878117	-16.21494872	52.62061376	-7.563045781
164.5257718	-16.24157571	52.54472054	-7.487445404
164.3636259	-16.26738931	52.46972335	-7.411237253
164.201403	-16.29239311	52.39563124	-7.334430637
164.0391305	-16.31659141	52.32245289	-7.25703577
163.8768163	-16.33998905	52.25019279	-7.179063627
163.7144561	-16.36259121	52.17885284	-7.100525826
163.5520451	-16.38440329	52.10843508	-7.021434489
163.3895789	-16.40543072	52.03894166	-6.941802124
163.2270527	-16.42567883	51.97037492	-6.861641496
163.0644618	-16.44515271	51.90273733	-6.780965512
162.9018015	-16.4638571	51.83603155	-6.6997871
162.7390671	-16.48179625	51.7702604	-6.618119095
162.5762538	-16.49897385	51.70542686	-6.535974125
162.4133568	-16.51539293	51.64153411	-6.453364503
162.2503715	-16.53105578	51.57858551	-6.37030211
162.0872928	-16.54596387	51.5165846	-6.286798293
161.9241161	-16.5601178	51.45553512	-6.202863754
161.7608364	-16.57351729	51.395441	-6.118508441
161.5974489	-16.58616106	51.3363064	-6.033741446
161.4339487	-16.5980469	51.27813567	-5.948570892
161.270331	-16.6091716	51.22092911	-5.863003832
161.1065919	-16.61953096	51.1646666	-5.777046141
160.9427275	-16.6291198	51.10932173	-5.690702428
160.7787342	-16.63793197	51.05486798	-5.603975966
160.6146084	-16.6459604	51.00127869	-5.516868648
160.4503466	-16.65319712	50.94852709	-5.429380977
160.2859452	-16.65963331	50.89658628	-5.34151207
160.1214009	-16.66525935	50.84542922	-5.253259703
159.9567104	-16.67006492	50.79502873	-5.164620376
159.7918705	-16.67403905	50.74535749	-5.075589403
159.6268779	-16.67717022	50.69638805	-4.986161037
159.4617295	-16.67944644	50.64809278	-4.896328616
159.2964224	-16.68085539	50.60044394	-4.806084741
159.1309535	-16.68138453	50.55341361	-4.715421481
158.96532	-16.6810212	50.50697371	-4.624330604
158.7995192	-16.67975282	50.46109604	-4.532803839
158.6335482	-16.67756696	50.41575223	-4.44083317
158.4674114	-16.67445158	50.37093438	-4.348411146
158.3011336	-16.67039515	50.32669481	-4.255531222
158.1347429	-16.66538681	50.28309663	-4.162188069
157.9682673	-16.65941654	50.24020276	-4.068377857
157.8017343	-16.65247528	50.19807588	-3.974098474
157.6351712	-16.64455506	50.15677845	-3.879349701
157.4686047	-16.63564905	50.11637272	-3.784133335
157.3020616	-16.62575172	50.07692069	-3.688453256
157.1355679	-16.61485886	50.03848415	-3.592315447
156.9691496	-16.60296763	50.00112464	-3.495727967
156.8028323	-16.59007662	49.96490346	-3.398700864
156.6366412	-16.5761859	49.92988169	-3.301246046
156.4706012	-16.56129698	49.89612016	-3.203377096
156.3047367	-16.54541283	49.86367945	-3.105109041
156.1390721	-16.52853788	49.83261991	-3.006458067
155.9736311	-16.510678	49.80300163	-2.90744119
155.8084372	-16.49184041	49.77488402	-2.808075866
155.6435074	-16.47203369	49.7482814	-2.708379567
155.4788469	-16.45126769	49.72312632	-2.608369328
155.3144601	-16.42955347	49.69934302	-2.508061314
155.1503517	-16.40690324	49.67685613	-2.407470454
154.9865264	-16.38333033	49.65559069	-2.306610137
154.8229892	-16.3588491	49.63547216	-2.205491987
154.6597454	-16.33347492	49.61642644	-2.104125694
154.4968003	-16.30722413	49.59837982	-2.002518922
154.3341597	-16.280114	49.58125907	-1.900677284
154.1718293	-16.25216267	49.56499135	-1.798604379
154.0098152	-16.22338915	49.5495043	-1.6963019
153.8481237	-16.19381326	49.534726	-1.593769809
153.6867611	-16.16345562	49.52058498	-1.491006576
153.5257342	-16.1323376	49.50701021	-1.388009483
153.3650498	-16.10048132	49.49393113	-1.284774994
153.2047148	-16.06790961	49.48127765	-1.181299189
153.044737	-16.03464596	49.46898429	-1.077578267
152.8851288	-16.00071453	49.45706571	-0.973609096
152.7259074	-15.96614011	49.4456081	-0.869389792
152.5670903	-15.93094806	49.43470001	-0.764920253
152.4086945	-15.8951643	49.42442983	-0.660202634
152.2507371	-15.85881521	49.41488571	-0.555241731
152.0932352	-15.82192761	49.40615561	-0.450045304
151.9362057	-15.78452866	49.3983273	-0.344624312
151.7796655	-15.74664575	49.39148834	-0.238993084
151.6236314	-15.70830645	49.38572604	-0.133169402
151.4681202	-15.66953838	49.38112755	-0.027174516
151.3131483	-15.63036907	49.37777974	0.078966915
151.1587324	-15.59082587	49.37576929	0.185226967
151.004889	-15.55093579	49.37518262	0.291574659
150.8516344	-15.51072533	49.37610592	0.397976243
150.6989849	-15.47022035	49.37862514	0.504395573
150.5469568	-15.42944587	49.38282594	0.61079454
150.3955639	-15.38842588	49.38878546	0.717133591
150.2447971	-15.34718319	49.39649755	0.823372311
150.094634	-15.30573915	49.40590817	0.929470032
149.945052	-15.26411357	49.41696253	1.035386427
149.7960287	-15.22232445	49.42960575	1.141082057
149.6475415	-15.18038796	49.44378277	1.246518869
149.4995679	-15.1383182	49.45943844	1.351660655
149.3520853	-15.09612721	49.47651746	1.456473458
149.2050712	-15.05382482	49.49496441	1.560925932
149.058503	-15.01141865	49.51472375	1.664989657
148.9123581	-14.96891403	49.53573981	1.768639411
148.7666142	-14.92631401	49.55795681	1.871853392
148.6212484	-14.88361937	49.58131886	1.974613392
148.4762384	-14.84082867	49.60576993	2.076904937
148.3315617	-14.79793824	49.63125392	2.178717364
148.1871955	-14.75494231	49.65771459	2.280043869
148.0431175	-14.71183308	49.68509562	2.380881499
147.8993072	-14.66860082	49.71334508	2.481231103
147.7557565	-14.62523403	49.74243724	2.581097241
147.6124619	-14.58171954	49.77235581	2.680488059
147.46942	-14.53804273	49.80308458	2.779415155
147.3266273	-14.49418763	49.83460741	2.877893431
147.1840805	-14.45013709	49.86690822	2.975940929
147.0417766	-14.40587297	49.89997099	3.073578668
146.8997123	-14.36137629	49.93377975	3.17083046
146.7578848	-14.31662742	49.96831863	3.267722719
146.616291	-14.27160626	50.00357178	3.364284266
146.4749282	-14.22629238	50.03952346	3.460546111
146.3337937	-14.18066529	50.07615796	3.556541231
146.1928847	-14.13470458	50.11345967	3.65230434
146.0521988	-14.08839011	50.15141303	3.747871638
145.9117335	-14.04170227	50.19000257	3.843280556
145.7714864	-13.99462214	50.22921287	3.938569487
145.6314553	-13.94713172	50.26902862	4.033777501
145.4916481	-13.89921416	50.3094423	4.128944055
145.3520995	-13.85085399	50.3504668	4.22410869
145.2128486	-13.80203729	50.39211887	4.319310729
145.0739345	-13.75275189	50.43441588	4.414588995
144.9353964	-13.70298752	50.47737589	4.50998153
144.7972738	-13.65273592	50.52101758	4.605525345
144.659606	-13.60199095	50.56536029	4.701256173
144.5224328	-13.55074861	50.61042402	4.797208241
144.3857937	-13.49900706	50.65622942	4.893414061
144.2497285	-13.44676669	50.70279779	4.989904233
144.1142772	-13.39402998	50.75015109	5.086707267
143.9794797	-13.34080152	50.79831193	5.183849419
143.845376	-13.28708785	50.84730356	5.281354549
143.7120064	-13.23289736	50.8971499	5.379243987
143.579411	-13.17824016	50.9478755	5.477536428
143.4476301	-13.1231278	50.99950556	5.576247839
143.3167038	-13.06757314	51.0520659	5.675391383
143.1866505	-13.01159005	51.10558097	5.774977364
143.0574533	-12.95519314	51.1600721	5.875013194
142.9290915	-12.8983975	51.21556012	5.975503368
142.8015448	-12.84121843	51.27206559	6.076449461
142.6747923	-12.78367122	51.32960882	6.177850138
142.5488134	-12.72577096	51.38820987	6.279701173
142.4235872	-12.6675323	51.44788857	6.38199549
142.2990926	-12.60896933	51.50866449	6.484723214
142.1753086	-12.55009542	51.57055697	6.587871731
142.052214	-12.49092309	51.63358508	6.691425768
141.9297876	-12.43146389	51.69776769	6.795367487
141.8080079	-12.37172837	51.76312337	6.899676583
141.6868537	-12.31172596	51.82967048	7.004330408
141.5663032	-12.251465	51.89742711	7.109304094
141.446335	-12.19095264	51.96641112	7.214570706
141.3269273	-12.13019492	52.0366401	7.320101391
141.2080587	-12.06919674	52.10813098	7.425865549
141.0897142	-12.00796195	52.18089015	7.531831021
140.9718862	-11.94649339	52.2549128	7.637964271
140.8545671	-11.88479295	52.33019306	7.744230579
140.7377493	-11.82286171	52.40672457	7.850594225
140.6214253	-11.76069998	52.48450041	7.957018665
140.5055872	-11.69830743	52.56351316	8.063466704
140.3902274	-11.63568321	52.64375483	8.169900654
140.2753379	-11.57282603	52.72521692	8.276282498
140.1609108	-11.50973435	52.80789036	8.382574033
140.0469381	-11.44640647	52.89176557	8.488737017
139.9334119	-11.38284072	52.97683237	8.5947333
139.8203238	-11.31903556	53.06308007	8.700524953
139.7076659	-11.25498981	53.15049738	8.806074388
139.5954297	-11.19070278	53.23907249	8.911344465
139.4836071	-11.1261745	53.32879298	9.0162986
139.3721896	-11.06140585	53.4196459	9.120900859
139.2611721	-10.99639885	53.51161742	9.225116042
139.1505772	-10.93115677	53.60469109	9.328909762
139.0404426	-10.86568443	53.69885	9.432248513
138.9308061	-10.79998832	53.79407828	9.535099727
138.8217062	-10.73407677	53.89036118	9.637431818
138.7131814	-10.66796007	53.98768501	9.739214221
138.6052708	-10.60165056	54.08603719	9.840417421
138.4980137	-10.53516267	54.18540625	9.941012975
138.3914499	-10.46851295	54.28578183	10.04097353
138.2856193	-10.40172008	54.38715469	10.14027282
138.1805622	-10.33480478	54.48951671	10.23888572
138.0763193	-10.26778975	54.59286089	10.33678818
137.9729315	-10.20069957	54.69718135	10.43395732
137.8704401	-10.13356054	54.80247334	10.53037134
137.7688866	-10.06640046	54.90873321	10.62600963
137.6683127	-9.999248474	55.01595844	10.72085271
137.5687606	-9.932134754	55.12414763	10.81488224
137.4702637	-9.865090229	55.23329902	10.90808112
137.372809	-9.798146255	55.34340425	11.00043343
137.2763688	-9.731334278	55.45445246	11.09192451
137.1809149	-9.664685515	55.56643248	11.18254096
137.086419	-9.598230653	55.67933283	11.27227069
136.9928524	-9.531999573	55.79314176	11.36110292
136.9001863	-9.466021102	55.90784723	11.44902822
136.8083913	-9.400322779	56.02343691	11.53603853
136.7174381	-9.334930655	56.13989823	11.62212715
136.6272972	-9.269869109	56.25721834	11.7072888
136.5379385	-9.205160691	56.37538413	11.79151957
136.449332	-9.140825987	56.49438225	11.87481698
136.3614474	-9.076883509	56.6141991	11.95717995
136.2742541	-9.013349609	56.73482085	12.0386088
136.1877214	-8.950238408	56.85623339	12.11910528
136.1018183	-8.887561766	56.97842243	12.19867252
136.0165137	-8.825329257	57.10137342	12.27731503
135.9317791	-8.763548178	57.22507135	12.3550387
135.8475948	-8.702223582	57.34950028	12.43185075
135.763943	-8.641358316	57.47464397	12.5077597
135.680806	-8.580953086	57.60048595	12.58277538
135.5981664	-8.521006527	57.72700957	12.65690883
135.5160069	-8.461515284	57.85419796	12.73017229
135.4343103	-8.402474108	57.98203406	12.80257914
135.3530596	-8.343875958	58.1105006	12.87414382
135.272238	-8.285712122	58.2395801	12.94488177
135.1918287	-8.227972339	58.36925485	13.01480936
135.1118154	-8.170644944	58.49950695	13.0839438
135.0321814	-8.113717011	58.63031827	13.15230301
134.9529107	-8.057174517	58.76167044	13.2199056
134.8739872	-8.001002513	58.89354491	13.28677065
134.7953949	-7.945185307	59.02592287	13.35291766
134.7171179	-7.889706654	59.15878531	13.41836641
134.639141	-7.834549965	59.29211326	13.48313678
134.5614616	-7.779698516	59.42590231	13.54724863
134.484096	-7.725135671	59.56016944	13.61072163
134.4070619	-7.670845086	59.69493292	13.67357511
134.3303768	-7.616810909	59.83021064	13.73582796
134.2540582	-7.563017952	59.96602004	13.79749848
134.1781234	-7.509451847	60.10237817	13.85860433
134.1025899	-7.456099193	60.23930165	13.91916248
134.0274746	-7.402947674	60.37680669	13.97918911
133.9527949	-7.349986164	60.5149091	14.03869964
133.8785676	-7.297204821	60.65362424	14.09770869
133.8048097	-7.244595157	60.7929671	14.15623014
133.731538	-7.19215009	60.93295223	14.21427708
133.6587693	-7.139863989	61.07359378	14.27186195
133.5865202	-7.087732694	61.2149055	14.32899652
133.5148073	-7.03575352	61.3569007	14.38569206
133.4436471	-6.983925252	61.49959231	14.44195935
133.3730556	-6.93224812	61.64299179	14.49780884
133.3030409	-6.880723753	61.78708792	14.55325079
133.2336037	-6.829355132	61.93184881	14.60829536
133.1647447	-6.778146529	62.07724268	14.66295273
133.0964646	-6.727103449	62.22323859	14.71723322
133.0287645	-6.676232566	62.36980652	14.77114733
132.9616456	-6.625541659	62.51691737	14.82470579
132.8951093	-6.575039545	62.66454289	14.87791959
132.8291573	-6.524736006	62.81265579	14.93079996
132.7637913	-6.474641721	62.96122962	14.98335836
132.6990132	-6.424768186	63.11023889	15.03560643
132.6348252	-6.375127635	63.25965895	15.08755592
132.5712297	-6.325732958	63.4094661	15.13921863
132.508229	-6.276597611	63.55963748	15.19060627
132.4458258	-6.227735526	63.71015117	15.24173036
132.3840229	-6.179161015	63.8609861	15.2926021
132.3228232	-6.130888667	64.01212211	15.34323219
132.2622295	-6.082933243	64.16354288	15.39363069
132.2022395	-6.035309566	64.31526476	15.4438068
132.1428481	-5.988032405	64.46732344	15.49376871
132.08405	-5.941116363	64.61975463	15.54352343
132.0258396	-5.894575762	64.77259378	15.59307669
131.9682114	-5.848424538	64.92587607	15.64243278
131.9111594	-5.802676125	65.07963645	15.69159458
131.8546779	-5.757343351	65.23390957	15.74056347
131.7987606	-5.712438333	65.38872984	15.78933937
131.7434016	-5.66797237	65.54413143	15.83792076
131.6885944	-5.623955844	65.70014823	15.88630476
131.6343326	-5.580398116	65.85681389	15.93448724
131.5806097	-5.537307427	66.01416178	15.98246293
131.5274189	-5.494690804	66.17222503	16.03022563
131.4747536	-5.45255396	66.33103653	16.07776835
131.4226067	-5.410901203	66.49062887	16.12508358
131.3709714	-5.369735343	66.65103443	16.17216354
131.3198379	-5.329057602	66.81227451	16.21900047
131.2691845	-5.288867528	66.97432115	16.26558693
131.2189864	-5.249162919	67.137132	16.31191614
131.1692186	-5.209939761	67.30066412	16.3579822
131.1198562	-5.171192189	67.46487401	16.40378044
131.0708744	-5.132912454	67.62971761	16.44930755
131.0222483	-5.095090922	67.79515027	16.49456178
130.9739531	-5.057716083	67.9611268	16.53954312
130.925964	-5.020774576	68.12760141	16.58425334
130.8782563	-4.984251239	68.29452778	16.62869611
130.8308051	-4.948129173	68.46185901	16.67287701
130.7835858	-4.912389821	68.62954763	16.71680351
130.7365736	-4.877013076	68.79754563	16.76048492
130.689744	-4.841977394	68.96580443	16.80393232
130.6430721	-4.807259936	69.13427493	16.84715838
130.5965334	-4.772836726	69.30290744	16.89017727
130.5501033	-4.738682824	69.47165179	16.93300435
130.5037641	-4.704772522	69.64047514	16.975656
130.4575168	-4.671079558	69.80939367	17.01814925
130.4113656	-4.637577324	69.97843218	17.06050157
130.3653147	-4.604239087	70.14761561	17.10273052
130.319368	-4.57103819	70.31696915	17.14485356
130.2735295	-4.537948258	70.48651814	17.18688776
130.2278029	-4.504943394	70.65628812	17.22884963
130.1821919	-4.471998373	70.82630482	17.27075491
130.1367002	-4.439088832	70.99659415	17.31261843
130.0913312	-4.406191457	71.16718218	17.35445397
130.0460882	-4.373284159	71.33809516	17.39627412
130.0009747	-4.34034626	71.50935952	17.43809022
129.9559937	-4.307358667	71.68100184	17.47991227
129.9111484	-4.274304044	71.85304888	17.5217489
129.8664418	-4.241166983	72.02552756	17.56360733
129.8218768	-4.207934175	72.19846494	17.60549341
129.7774562	-4.174594576	72.37188807	17.6474116
129.7331935	-4.141139573	72.54580908	17.68936505
129.68912	-4.107563138	72.72021457	17.73135566
129.645269	-4.07386197	72.89508921	17.77338411
129.6016739	-4.040035607	73.07041836	17.81545
129.5583685	-4.006086508	73.24618807	17.85755177
129.5153863	-3.97202011	73.4223851	17.89968683
129.4727614	-3.937844858	73.59899692	17.94185153
129.4305278	-3.903572198	73.7760117	17.98404115
129.3887197	-3.869216546	73.95341834	18.02624992
129.3473714	-3.834795234	74.13120647	18.068471
129.3065174	-3.80032841	74.30936644	18.11069641
129.2661923	-3.765838928	74.48788932	18.15291706
129.2264309	-3.731352187	74.6667669	18.19512265
129.1872681	-3.696895961	74.84599172	18.23730163
129.1487388	-3.662500177	75.02555704	18.27944117
129.1108782	-3.628196681	75.20545681	18.32152705
129.07372	-3.594018958	75.38568681	18.36354361
129.0372712	-3.560001829	75.56626214	18.40547368
129.001516	-3.52618113	75.74721399	18.4472985
128.9664378	-3.492593393	75.92857397	18.4889977
128.93202	-3.459275534	76.11037368	18.53054923
128.8982459	-3.426264556	76.29264463	18.57192942
128.8650988	-3.393597266	76.47541828	18.61311298
128.8325617	-3.361309998	76.65872606	18.65407312
128.8006179	-3.329438358	76.84259933	18.69478157
128.7692505	-3.298016971	77.0270694	18.73520877
128.7384424	-3.267079242	77.21216753	18.775324
128.7081766	-3.236657132	77.39792492	18.81509559
128.6784361	-3.206780941	77.58437273	18.8544911
128.6492038	-3.177479101	77.77154205	18.89347759
128.6204625	-3.148777984	77.95946394	18.93202193
128.5921951	-3.120701713	78.14816938	18.97009103
128.5643843	-3.093271988	78.33768932	19.00765228
128.5370118	-3.066507923	78.5280498	19.04467383
128.5100498	-3.04042589	78.71923177	19.08112507
128.483465	-3.015039377	78.91119119	19.11697697
128.4572242	-2.990358872	79.10388307	19.15220252
128.4312942	-2.966391766	79.29726176	19.18677704
128.4056419	-2.943142279	79.49128088	19.22067852
128.3802339	-2.920611409	79.68589341	19.2538879
128.3550373	-2.898796908	79.8810516	19.28638934
128.3300187	-2.877693276	80.07670701	19.31817039
128.3051451	-2.857291781	80.27281052	19.34922219
128.2803832	-2.837580502	80.46931229	19.37953961
128.2556999	-2.818544391	80.66616179	19.40912137
128.231062	-2.800165369	80.8633078	19.43797005
128.2064364	-2.782422432	81.06069839	19.46609217
128.18179	-2.765291789	81.25828094	19.49349815
128.1570896	-2.748747022	81.45600213	19.52020227
128.132302	-2.732759273	81.65380795	19.54622255
128.1073991	-2.717297444	81.85164921	19.57158063
128.08238	-2.702328433	82.04950635	19.59630163
128.057253	-2.687817363	82.24737004	19.62041387
128.0320262	-2.673727819	82.44523108	19.64394876
128.006708	-2.66002206	82.64308046	19.66694052
127.9813068	-2.646661234	82.84090928	19.68942599
127.9558308	-2.633605574	83.03870882	19.71144442
127.9302883	-2.620814583	83.23647052	19.73303725
127.9046878	-2.608247213	83.43418597	19.75424788
127.8790376	-2.595862035	83.63184694	19.77512142
127.853346	-2.583617393	83.82944536	19.79570451
127.8276215	-2.571471556	84.02697333	19.81604506
127.8018726	-2.559382858	84.22442314	19.83619198
127.7761075	-2.547309829	84.42178724	19.85619499
127.7503347	-2.535211321	84.61905827	19.87610433
127.7245627	-2.523046625	84.81622906	19.89597052
127.6988	-2.510775579	85.01329262	19.9158441
127.6730554	-2.498358671	85.21024957	19.93577536
127.6473384	-2.485757134	85.40711857	19.95581408
127.6216588	-2.472933037	85.60392083	19.97600925
127.5960262	-2.459849365	85.80067728	19.99640885
127.5704501	-2.446470095	85.99740859	20.01705962
127.54494	-2.432760265	86.1941352	20.03800681
127.5195055	-2.418686039	86.39087728	20.05929406
127.4941558	-2.404214762	86.58765474	20.08096313
127.4689005	-2.389315014	86.78448724	20.10305383
127.4437486	-2.373956661	86.98139417	20.12560379
127.4187095	-2.358110892	87.17839467	20.14864836
127.3937923	-2.341750263	87.37550761	20.17222048
127.3690063	-2.324848733	87.5727516	20.19635058
127.3443603	-2.30738169	87.77014497	20.22106646
127.3198635	-2.289325988	87.96770582	20.24639322
127.2955249	-2.270659963	88.16545194	20.27235317
127.2713534	-2.251363465	88.36340101	20.29896576
127.2473598	-2.23141787	88.56157837	20.32624755
127.2235577	-2.2108061	88.76002183	20.35421215
127.199961	-2.189512636	88.95877091	20.38287019
127.1765838	-2.167523521	89.15786581	20.41222934
127.1534401	-2.144826358	89.35734742	20.44229436
127.1305439	-2.121410306	89.55725729	20.47306714
127.1079095	-2.097266063	89.75763764	20.50454681
127.0855509	-2.07238585	89.95853135	20.53672989
127.0634826	-2.04676338	90.15998196	20.56961039
127.0417187	-2.020393832	90.36203368	20.60318006
127.0202736	-1.993273806	90.56473136	20.63742859
126.9991618	-1.965401286	90.76812049	20.67234386
126.9783976	-1.936775584	90.97224722	20.70791226
126.9579957	-1.907397285	91.17715833	20.74411898
126.9379704	-1.877268184	91.38290127	20.78094839
126.9183364	-1.846391219	91.58952408	20.81838444
126.8991082	-1.814770393	91.79707312	20.85641109
126.8802954	-1.782410693	92.00554181	20.89501279
126.8619029	-1.749318007	92.21487044	20.93417493
126.8439357	-1.715499035	92.42499696	20.97388429
126.8263985	-1.68096121	92.6358592	21.01412946
126.8092963	-1.645712612	92.84739495	21.05490113
126.7926339	-1.60976189	93.0595419	21.09619239
126.7764165	-1.573118186	93.27223767	21.13799893
126.7606489	-1.535791055	93.48541985	21.18031919
126.7453362	-1.497790397	93.69902593	21.22315445
126.7304835	-1.459126377	93.91299339	21.26650886
126.7160958	-1.419809358	94.12725965	21.31038942
126.7021784	-1.379849832	94.3417621	21.35480588
126.6887363	-1.339258349	94.55643808	21.3997706
126.6757747	-1.298045449	94.77122494	21.44529835
126.6632987	-1.256221597	94.98605999	21.491406
126.6513135	-1.213797116	95.20088053	21.53811226
126.639824	-1.170782124	95.41563232	21.58543721
126.6288319	-1.127186468	95.63032978	21.63340191
126.6183375	-1.083019664	95.84502031	21.68202794
126.608341	-1.038290838	96.05975092	21.73133693
126.5988426	-0.993008676	96.27456805	21.78135014
126.5898423	-0.947181371	96.48951754	21.83208812
126.5813403	-0.900816586	96.70464463	21.88357034
126.5733365	-0.85392141	96.919994	21.93581487
126.5658308	-0.806502328	97.13560971	21.98883814
126.5588233	-0.758565188	97.35153525	22.04265467
126.5523137	-0.710115182	97.56781351	22.09727687
126.546302	-0.661156819	97.78448679	22.15271485
126.540788	-0.611693917	98.00159679	22.2089763
126.5357715	-0.561729587	98.21918462	22.26606632
126.5312523	-0.511266228	98.43729079	22.32398738
126.5272303	-0.460305529	98.65595519	22.38273924
126.5237052	-0.408848466	98.87521711	22.4423189
126.5206766	-0.356895316	99.09511119	22.50272063
126.5181434	-0.304445665	99.31565232	22.56393596
126.516104	-0.251498426	99.53685005	22.62595374
126.5145569	-0.198051863	99.75871454	22.68876015
126.5135007	-0.14410362	99.98125659	22.75233876
126.5129339	-0.089650752	100.2044876	22.81667057
126.5128551	-0.034689769	100.4284196	22.88173405
126.5132629	0.02078332	100.6530653	22.94750521
126.5141559	0.076772956	100.8784379	23.01395763
126.5155328	0.133283974	101.1045512	23.08106254
126.5173921	0.190321535	101.3314199	23.14878886
126.5197324	0.247891065	101.5590589	23.21710331
126.5225526	0.305998175	101.7874839	23.28597046
126.5258511	0.364648582	102.0167113	23.35535284
126.5296267	0.423848021	102.246758	23.42521102
126.5338781	0.483602157	102.4776415	23.49550372
126.5386039	0.543916484	102.7093798	23.56618795
126.5438045	0.604796219	102.9419847	23.63721913
126.5494845	0.666246196	103.1754477	23.70855122
126.5556496	0.728270753	103.4097566	23.78013686
126.5623055	0.790873618	103.644899	23.85192751
126.5694576	0.854057797	103.8808627	23.92387357
126.5771116	0.917825462	104.1176353	23.99592444
126.5852732	0.982177836	104.3552041	24.06802867
126.5939477	1.047115079	104.5935568	24.14013398
126.6031409	1.112636178	104.8326806	24.21218738
126.6128582	1.17873883	105.0725628	24.28413518
126.6231052	1.245419327	105.3131908	24.35592306
126.6338873	1.312672447	105.5545516	24.42749609
126.6452099	1.380491334	105.7966324	24.49879878
126.6570787	1.448867387	106.0394202	24.56977505
126.6694988	1.517790142	106.2829019	24.64036827
126.6824757	1.58724716	106.5270644	24.71052126
126.6960149	1.657223913	106.7718949	24.78017625
126.7101354	1.727703664	107.0173949	24.84927488
126.7248744	1.798667369	107.2635856	24.9177582
126.7402706	1.870093586	107.5104895	24.98556662
126.7563627	1.941958415	107.7581287	25.05263997
126.7731894	2.014235474	108.0065251	25.11891754
126.7907895	2.086895898	108.2557002	25.18433814
126.8092017	2.159908372	108.505675	25.2488402
126.8284648	2.233239196	108.7564705	25.31236191
126.8486177	2.306852379	109.0081072	25.37484132
126.8696992	2.380709765	109.2606054	25.43621661
126.8917482	2.454771192	109.513985	25.4964262
126.9148037	2.528994685	109.7682658	25.55540905
126.9389047	2.603336676	110.023467	25.61310487
126.9640902	2.677752262	110.2796078	25.66945444
126.9903992	2.752195496	110.5367072	25.72439994
127.0178709	2.826619709	110.7947836	25.77788526
127.0465421	2.900977872	111.0538526	25.82985636
127.0764034	2.975222979	111.3138762	25.88026176
127.1074041	3.049308452	111.5747689	25.92905281
127.139492	3.123188511	111.8364434	25.97618417
127.1726147	3.196818515	112.0988129	26.02161403
127.2067198	3.270155248	112.3617905	26.06530439
127.2417548	3.343157167	112.6252895	26.10722122
127.2776671	3.415784605	112.8892237	26.14733459
127.3144038	3.487999929	113.1535066	26.18561872
127.3519121	3.559767657	113.4180523	26.22205196
127.3901389	3.631054529	113.6827748	26.25661676
127.4290312	3.701829534	113.9475883	26.28929951
127.4685357	3.772063904	114.2124075	26.32009036
127.5085989	3.841731047	114.4771468	26.34898301
127.5491675	3.910806459	114.7417211	26.37597436
127.5901878	3.979267576	115.0060455	26.40106415
127.6316061	4.047093594	115.2700352	26.4242546
127.6733727	4.114265241	115.5336119	26.44554986
127.7154808	4.18076452	115.7967605	26.4649555
127.7579481	4.246574425	116.0595022	26.48247798
127.8007925	4.311678667	116.3218596	26.49812411
127.8440322	4.37606143	116.5838554	26.51190049
127.8876853	4.43970713	116.8455129	26.52381314
127.9317699	4.502600217	117.106856	26.53386697
127.9763044	4.564724983	117.3679091	26.54206545
128.0213069	4.626065405	117.6286971	26.54841023
128.066796	4.686605	117.8892453	26.55290084
128.11279	4.746326714	118.1495795	26.55553436
128.1593074	4.805212827	118.4097261	26.55630527
128.2063667	4.86324488	118.6697119	26.55520515
128.2539866	4.920403637	118.9295642	26.55222258
128.3021858	4.976669056	119.1893107	26.54734302
128.350983	5.032020297	119.4489799	26.54054868
128.400397	5.086435745	119.7086003	26.53181856
128.4504423	5.139893062	119.9681975	26.52112838
128.5011142	5.192369265	120.2277818	26.50845065
128.5524031	5.243840801	120.4873588	26.49375477
128.6042991	5.294283649	120.7469341	26.47700711
128.6567926	5.343673399	121.0065129	26.45817111
128.7098736	5.39198535	121.2661001	26.43720749
128.7635323	5.439194593	121.5257002	26.41407437
128.8177588	5.485276113	121.7853176	26.38872748
128.872543	5.530204871	122.0449563	26.36112038
128.927875	5.573955903	122.3046201	26.3312047
128.9837446	5.616504416	122.5643123	26.29893039
129.0401417	5.65782588	122.8240361	26.26424602
129.0970562	5.697896128	123.0837944	26.2270991
129.1544778	5.736691457	123.3435897	26.18743638
129.2123963	5.774188728	123.6034243	26.14520424
129.2708013	5.810365469	123.8633002	26.10034906
129.3296825	5.845199984	124.1232191	26.05281763
129.3890262	5.878671457	124.3831656	26.00255759
129.448811	5.910760066	124.6430806	25.94951784
129.5090139	5.941447083	124.9028971	25.89364901
129.5696121	5.970714976	125.1625473	25.83490387
129.6305829	5.9985475	125.4219628	25.77323768
129.6919033	6.024929776	125.6810742	25.70860854
129.7535506	6.049848372	125.9398113	25.6409777
129.8155021	6.073291366	126.1981031	25.57030981
129.877735	6.095248407	126.4558781	25.49657318
129.9402267	6.115710773	126.7130638	25.41973993
130.0029543	6.13467141	126.9695869	25.33978622
130.0658954	6.152124978	127.2253736	25.25669228
130.1290272	6.168067881	127.4803491	25.17044256
130.1923272	6.182498289	127.7344382	25.08102576
130.2557728	6.195416163	127.9875648	24.98843483
130.3193415	6.206823264	128.2396522	24.89266691
130.3830109	6.216723158	128.4906233	24.79372331
130.4467589	6.225121216	128.7404197	24.69160937
130.5105648	6.232024606	128.9890147	24.58633432
130.5744077	6.237442281	129.2363844	24.47791112
130.6382672	6.241384957	129.4825052	24.36635633
130.7021228	6.243865094	129.7273536	24.25168995
130.7659543	6.244896863	129.9709064	24.13393528
130.8297417	6.244496113	130.2131405	24.01311883
130.893465	6.242680334	130.454033	23.88927012
130.9571045	6.239468607	130.6935612	23.76242167
131.0206407	6.23488156	130.9317025	23.63260877
131.084054	6.228941313	131.1684345	23.49986949
131.1473253	6.221671414	131.4037352	23.36424449
131.2104354	6.213096776	131.6375823	23.22577699
131.2733654	6.203243609	131.8699541	23.08451265
131.3360964	6.19213934	132.100829	22.94049951
131.3986099	6.179812536	132.3301853	22.7937879
131.4608875	6.166292812	132.5580012	22.64443038
131.5229156	6.151610743	132.7842457	22.49248166
131.5846837	6.135797768	133.0088805	22.33799857
131.6461814	6.118886092	133.2318668	22.18103992
131.7073983	6.100908589	133.4531657	22.0216665
131.7683237	6.08189871	133.6727382	21.85994089
131.8289469	6.061890384	133.8905449	21.69592742
131.8892571	6.040917924	134.1065464	21.52969202
131.9492433	6.019015931	134.3207032	21.36130206
132.0088944	5.996219192	134.5329754	21.19082623
132.0681995	5.972562586	134.7433231	21.01833435
132.1271471	5.948080978	134.9517064	20.84389716
132.1857259	5.922809119	135.158085	20.66758616
132.2439245	5.896781537	135.3624185	20.48947335
132.3017313	5.870032427	135.5646666	20.309631
132.3591347	5.842595539	135.7647886	20.12813136
132.416123	5.814504061	135.9627437	19.94504643
132.4726859	5.785790497	136.1584962	19.76044759
132.5288284	5.756486543	136.352054	19.57440534
132.5845627	5.726622964	136.5434478	19.3869889
132.6399015	5.696229492	136.732709	19.19826602
132.6948572	5.665334722	136.9198694	19.00830262
132.7494424	5.633966045	137.1049611	18.81716264
132.8036697	5.602149577	137.2880165	18.62490784
132.8575516	5.569910119	137.4690686	18.43159768
132.9111008	5.537271118	137.6481506	18.23728919
132.9643299	5.504254657	137.8252961	18.04203692
133.0172515	5.470881447	138.0005389	17.84589294
133.0698782	5.437170843	138.1739133	17.64890682
133.1222228	5.403140869	138.3454536	17.45112571
133.1742979	5.368808258	138.5151948	17.25259442
133.2261163	5.334188509	138.6831718	17.05335555
133.2776905	5.299295953	138.8494199	16.85344968
133.3290335	5.264143835	139.0139747	16.65291551
133.3801555	5.228744415	139.1768645	16.45179017
133.4310555	5.19310907	139.3380795	16.25010947
133.4817285	5.15724841	139.4975974	16.04790817
133.5321697	5.121172393	139.6553951	15.84522025
133.5823741	5.084890434	139.8114496	15.64207921
133.6323368	5.048411517	139.9657369	15.43851831
133.6820526	5.011744303	140.1182331	15.23457076
133.7315166	4.974897231	140.2689135	15.03026997
133.7807238	4.937878621	140.4177533	14.82564974
133.8296691	4.900696772	140.5647269	14.62074444
133.8783474	4.86336006	140.7098088	14.41558914
133.9267535	4.825877026	140.8529728	14.21021977
133.9748824	4.788256469	140.9941925	14.00467325
134.0227288	4.750507532	141.1334412	13.79898754
134.0702876	4.712639782	141.2706916	13.59320174
134.1175536	4.674663292	141.4059164	13.38735615
134.1645215	4.636588714	141.5390879	13.18149227
134.2111849	4.598427356	141.6701851	12.97565282
134.2575345	4.560191242	141.7992027	12.76988172
134.3035608	4.521893181	141.9261382	12.56422405
134.3492546	4.483546813	142.0509888	12.35872603
134.3946064	4.445166664	142.1737518	12.15343499
134.4396071	4.406768177	142.2944248	11.94839929
134.4842476	4.368367744	142.4130053	11.7436683
134.5285191	4.329982731	142.5294911	11.53929237
134.5724126	4.291631491	142.6438798	11.33532273
134.6159194	4.253333369	142.7561692	11.13181146
134.6590308	4.215108702	142.8663573	10.92881141
134.7017383	4.17697881	142.9744422	10.72637613
134.7440335	4.138965976	143.0804218	10.52455981
134.7859079	4.101093419	143.1842943	10.32341717
134.8273532	4.063385262	143.2860581	10.12300337
134.8683614	4.025866487	143.3857115	9.923373938
134.9089243	3.988562881	143.4832529	9.724584628
134.949036	3.951500979	143.5786843	9.526691325
134.9886934	3.914707989	143.6720123	9.329749915
135.027894	3.878211724	143.7632442	9.133816162
135.066635	3.842040516	143.8523869	8.938945576
135.1049137	3.806223135	143.9394479	8.745193285
135.1427274	3.770788695	144.0244342	8.552613894
135.1800733	3.735766561	144.1073533	8.361261353
135.2169486	3.701186244	144.1882125	8.171188813
135.2533506	3.667077298	144.2670192	7.982448477
135.2892766	3.633469199	144.3437807	7.795091452
135.3247238	3.600391232	144.4185046	7.609167592
135.3596893	3.567872356	144.4911984	7.424725337
135.3941704	3.535941075	144.5618696	7.241811542
135.4281642	3.504625293	144.6305258	7.060471308
135.461668	3.473952165	144.6971746	6.880747796
135.4946788	3.443947937	144.7618237	6.702682044
135.5271946	3.414637784	144.8244818	6.526312768
135.5592287	3.386045637	144.8851754	6.351676162
135.5908089	3.358194005	144.9439486	6.178805699
135.6219635	3.33110382	145.0008459	6.007731947
135.6527208	3.304794287	145.055912	5.838482405
135.683109	3.279282759	145.1091914	5.671081364
135.7131562	3.254584631	145.1607289	5.505549798
135.7428905	3.230713246	145.2105692	5.341905264
135.7723398	3.207679825	145.258757	5.180161838
135.8015321	3.185493411	145.305337	5.02033007
135.8304954	3.164160831	145.350354	4.862416962
135.8592575	3.143686677	145.3938527	4.706425963
135.8878461	3.124073303	145.4358779	4.552356998
135.9162891	3.105320834	145.4764742	4.400206513
135.9446141	3.087427207	145.5156865	4.249967541
135.9728489	3.070388208	145.5535594	4.101629793
136.0010211	3.054197546	145.5901376	3.955179778
136.0291568	3.038846928	145.6254639	3.810600931
136.0572714	3.024326163	145.6595667	3.66787378
136.0853752	3.010623265	145.6924681	3.526976112
136.1134787	2.997724568	145.72419	3.387883156
136.1415922	2.985614843	145.7547544	3.250567768
136.1697261	2.974277414	145.7841832	3.115000614
136.1978908	2.963694276	145.8124985	2.981150366
136.2260969	2.953846224	145.8397221	2.848983895
136.2543546	2.944712971	145.865876	2.718466471
136.2826746	2.936273278	145.8909823	2.589561967
136.3110673	2.928505087	145.9150629	2.46223307
136.3395432	2.921385653	145.9381398	2.336441493
136.3681128	2.91489168	145.9602349	2.212148198
136.3967866	2.908999466	145.9813701	2.08931362
136.4255754	2.903685044	146.0015676	1.967897902
136.4544895	2.898924332	146.0208492	1.84786113
136.4835397	2.894693288	146.0392368	1.729163585
136.5127321	2.890968064	146.0567465	1.61176599
136.5420535	2.887725169	146.0733682	1.495629771
136.5714849	2.884941615	146.0890842	1.3807173
136.6010074	2.882595056	146.1038765	1.266992125
136.6306018	2.880663898	146.1177276	1.154419167
136.6602493	2.879127393	146.1306196	1.042964893
136.6899307	2.877965713	146.1425348	0.932597467
136.7196269	2.877159998	146.1534553	0.823286868
136.7493188	2.876692391	146.1633633	0.71500499
136.7789871	2.876546052	146.172241	0.607725713
136.8086127	2.876705143	146.1800706	0.501424948
136.8381763	2.877154806	146.1868344	0.396080664
136.8676586	2.877881111	146.1925145	0.291672879
136.8970402	2.878870994	146.1970932	0.188183641
136.9263018	2.880112164	146.2005527	0.085596973
136.9554239	2.881592999	146.2028754	-0.016101198
136.9843871	2.883302422	146.2040435	-0.116923143
137.0131819	2.885229754	146.2040449	-0.216879446
137.0418255	2.887364556	146.202882	-0.315979147
137.07034	2.889696478	146.2005598	-0.414229898
137.0987472	2.892215111	146.1970833	-0.511638113
137.1270693	2.894909862	146.1924574	-0.60820914
137.1553279	2.89776985	146.1866867	-0.703947414
137.1835452	2.900783817	146.179776	-0.798856634
137.211743	2.903940049	146.1717299	-0.892939928
137.2399432	2.907226334	146.1625528	-0.986200026
137.2681677	2.910629915	146.1522492	-1.078639443
137.2964383	2.914137481	146.1408233	-1.170260652
137.3247769	2.917735168	146.1282793	-1.261066273
137.3532053	2.921408572	146.1146211	-1.351059258
137.3817453	2.925142796	146.0998527	-1.440243082
137.4104188	2.928922499	146.0839778	-1.528621936
137.4392474	2.932731979	146.067	-1.616200927
137.4682528	2.936555262	146.0489233	-1.70298628
137.4974434	2.940376217	146.0297697	-1.788985538
137.5268113	2.944178682	146.0095862	-1.874207767
137.5563472	2.947946585	145.9884211	-1.958663724
137.5860421	2.95166407	145.9663231	-2.042366005
137.6158871	2.955315603	145.943341	-2.125329145
137.6458731	2.958886078	145.9195241	-2.207569693
137.6759915	2.962360918	145.8949213	-2.289106239
137.7062334	2.965726156	145.8695824	-2.369959411
137.7365903	2.968968528	145.8435569	-2.450151832
137.7670535	2.972075541	145.8168948	-2.529708042
137.7976146	2.975035547	145.7896462	-2.608654376
137.8282652	2.977837804	145.7618615	-2.687018808
137.858997	2.980472535	145.7335913	-2.764830752
137.8898017	2.982930978	145.7048865	-2.842120829
137.9206714	2.985205429	145.675798	-2.91892059
137.9515979	2.987289286	145.6463774	-2.995262198
137.9825731	2.989177078	145.6166729	-3.071178067
138.0135865	2.990864499	145.5866793	-3.146700475
138.0446255	2.992348424	145.5563453	-3.221861153
138.075677	2.993626925	145.525618	-3.296690904
138.1067283	2.994699274	145.4944444	-3.371219269
138.1377661	2.995565938	145.4627713	-3.445474239
138.1687772	2.996228564	145.4305454	-3.519482022
138.1997485	2.996689952	145.3977128	-3.593266853
138.2306665	2.996954018	145.36422	-3.666850859
138.2615177	2.997025756	145.3300129	-3.740253971
138.2922885	2.996911172	145.2950373	-3.813493888
138.3229652	2.996617228	145.2592388	-3.886586085
138.353534	2.996151759	145.2225629	-3.959543877
138.3839809	2.995523389	145.1849549	-4.032378529
138.4142921	2.994741432	145.1463597	-4.105099417
138.4444532	2.993815786	145.1067222	-4.177714234
138.4744502	2.992756808	145.0659872	-4.250229258
138.5042704	2.99157519	145.0241071	-4.322649652
138.5339163	2.990281812	144.9811099	-4.394979819
138.5633988	2.988887602	144.9370647	-4.467223759
138.592729	2.9874034	144.8920407	-4.539385386
138.621918	2.985839826	144.8461075	-4.611468794
138.6509768	2.984207165	144.7993348	-4.683478457
138.6799165	2.982515263	144.7517922	-4.755419372
138.7087484	2.980773427	144.7035496	-4.827297137
138.7374837	2.978990341	144.6546769	-4.89911797
138.7661336	2.977173992	144.605244	-4.970888667
138.7947093	2.975331603	144.5553212	-5.042616499
138.8232223	2.973469579	144.5049785	-5.114309043
138.8516839	2.971593463	144.4542863	-5.185973958
138.8801054	2.969707901	144.403315	-5.257618695
138.9084982	2.967816621	144.3521349	-5.329250142
138.9368739	2.965922412	144.3008168	-5.400874217
138.965244	2.964027128	144.2494313	-5.472495384
