134.697165	4.650720063	159.5216762	-6.611408955
134.7302961	4.873799512	159.4647257	-6.551911835
134.7636018	5.096877519	159.4077446	-6.492418857
134.797181	5.319950894	159.3507867	-6.432937338
134.8311328	5.543013743	159.2939055	-6.373478581
134.8655566	5.766056764	159.2371542	-6.314058088
134.9005519	5.989066586	159.1805854	-6.25469574
134.9362185	6.212025164	159.1242514	-6.195415946
134.972656	6.434909223	159.068204	-6.136247774
135.0099645	6.657689757	159.0124944	-6.077225043
135.0482439	6.880331575	158.9571735	-6.018386399
135.0875943	7.102792907	158.9022912	-5.959775356
135.1281157	7.325025054	158.8478972	-5.901440313
135.169908	7.546972095	158.7940403	-5.843434545
135.2130713	7.768570647	158.7407684	-5.785816166
135.2577053	7.989749679	158.6881289	-5.728648069
135.3039096	8.21043037	158.6361679	-5.671997833
135.3517835	8.430526036	158.5849309	-5.615937612
135.401426	8.649942096	158.5344621	-5.560543991
135.4529358	8.868576101	158.4848046	-5.505897823
135.5064111	9.086317808	158.4360004	-5.452084036
135.5619496	9.303049322	158.3880898	-5.399191416
135.6196481	9.518645276	158.3411121	-5.347312367
135.6795924	9.732973076	158.2950977	-5.296542648
135.7418222	9.945893192	158.2500476	-5.246981083
135.8063655	10.15725949	158.2059548	-5.198729266
135.8732496	10.36691957	158.1628117	-5.151891258
135.9425015	10.57471518	158.1206104	-5.106573282
136.0141474	10.78048256	158.0793424	-5.062883417
136.0882133	10.98405289	158.0389989	-5.020931289
136.1647246	11.18525273	157.9995703	-4.980827767
136.2437059	11.38390446	157.9610469	-4.942684643
136.3251815	11.5798268	157.9234182	-4.906614326
136.4091751	11.77283527	157.8866734	-4.87272952
136.4957097	11.96274273	157.8508012	-4.841142908
136.584808	12.14935996	157.8157897	-4.811966829
136.6764919	12.33249621	157.7816265	-4.785312954
136.7707826	12.51195981	157.7482991	-4.761291958
136.8677008	12.68755879	157.7157941	-4.740013186
136.9672668	12.85910152	157.6840977	-4.72158432
137.0694999	13.02639743	157.653196	-4.706111042
137.174419	13.18925764	157.6230743	-4.693696687
137.2820423	13.34749576	157.5937175	-4.684441899
137.3923873	13.50092862	157.5651103	-4.678444275
137.5054708	13.64937703	157.5372368	-4.675798018
137.6212686	13.79266663	157.5100641	-4.676593565
137.739641	13.93062868	157.483512	-4.680917241
137.8604286	14.06310087	157.4574936	-4.688850904
137.9834733	14.18992809	157.4319242	-4.70047164
138.1086188	14.31096309	157.4067212	-4.715851468
138.2357107	14.42606713	157.3818047	-4.735057089
138.364596	14.53511055	157.3570972	-4.758149652
138.4951241	14.63797326	157.3325238	-4.785184553
138.6271461	14.73454526	157.3080124	-4.816211253
138.7605154	14.82472699	157.2834938	-4.851273123
138.8950877	14.90842972	157.2589018	-4.890407303
139.0307208	14.98557584	157.2341729	-4.933644591
139.1672748	15.05609912	157.209247	-4.981009338
139.3046123	15.11994495	157.1840669	-5.032519366
139.4425982	15.17707044	157.1585785	-5.088185901
139.5810997	15.22744462	157.1327307	-5.148013513
139.7199867	15.27104844	157.1064759	-5.212000068
139.8591312	15.30787487	157.0797694	-5.280136698
139.9984078	15.33792885	157.0525695	-5.352407763
140.1376933	15.36122728	157.0248378	-5.428790835
140.2768672	15.3777989	156.996539	-5.509256676
140.415811	15.38768421	156.9676405	-5.593769222
140.5544163	15.3909353	156.9381035	-5.682285568
140.6925985	15.38761567	156.907862	-5.774755962
140.8302765	15.37780001	156.8768443	-5.871123803
140.9673679	15.36157398	156.8449781	-5.971325663
141.1037897	15.33903397	156.8121899	-6.075291327
141.2394574	15.31028683	156.7784057	-6.182943862
141.3742856	15.27544961	156.7435507	-6.294199699
141.508188	15.23464922	156.7075491	-6.408968753
141.641077	15.18802215	156.6703245	-6.527154554
141.772864	15.13571411	156.6317994	-6.648654413
141.9034593	15.07787966	156.5918959	-6.77335961
142.0327723	15.01468184	156.5505348	-6.90115561
142.1607111	14.94629173	156.5076364	-7.03192231
142.2871828	14.87288804	156.4631202	-7.165534311
142.4120937	14.7946566	156.4169048	-7.30186122
142.5353487	14.71178991	156.368908	-7.440767987
142.6568519	14.62448661	156.319047	-7.582115269
142.7765064	14.53295088	156.267238	-7.72575983
142.8942143	14.43739188	156.2133968	-7.871554972
143.0098766	14.33802314	156.1574382	-8.019351001
143.1233936	14.23506188	156.0992765	-8.16899573
143.2346647	14.12872832	156.0388254	-8.320335018
143.3436238	14.01924494	155.9760306	-8.473213343
143.450313	13.90683574	155.910938	-8.627474401
143.5547951	13.79172547	155.8436127	-8.782961706
143.6571326	13.67413895	155.7741193	-8.939519152
143.7573877	13.55430035	155.7025222	-9.096991544
143.8556225	13.43243256	155.628886	-9.255225091
143.9518989	13.30875665	155.5532748	-9.414067857
144.0462787	13.18349125	155.4757526	-9.573370181
144.1388234	13.05685209	155.3963835	-9.732985059
144.2295946	12.9290515	155.3152312	-9.892768491
144.3186535	12.80029797	155.2323594	-10.0525798
144.4060612	12.67079576	155.1478316	-10.21228189
144.4918788	12.54074454	155.0617113	-10.37174152
144.5761671	12.41033904	154.9740617	-10.53082951
144.6589868	12.27976878	154.8849461	-10.68942091
144.7403987	12.14921777	154.7944276	-10.84739517
144.8204632	12.0188643	154.7025692	-11.00463623
144.8992408	11.88888076	154.6094338	-11.16103265
144.9767916	11.75943343	154.5150843	-11.31647763
145.0531759	11.63068234	154.4195833	-11.47086908
145.1284538	11.50278122	154.3229936	-11.62410958
145.2026851	11.37587732	154.2253776	-11.77610639
145.2759249	11.25011145	154.1267873	-11.92677138
145.3482174	11.12561789	154.0272518	-12.07602094
145.4196054	11.0025244	153.9267971	-12.22377592
145.4901318	10.88095223	153.8254487	-12.36996148
145.5598394	10.76101613	153.7232322	-12.51450702
145.628771	10.64282445	153.6201729	-12.65734606
145.6969694	10.5264791	153.5162959	-12.79841607
145.7644774	10.41207572	153.4116259	-12.93765839
145.8313378	10.2997037	153.3061875	-13.07501808
145.8975932	10.18944635	153.2000052	-13.21044374
145.9632864	10.08138093	153.0931032	-13.34388743
146.0284601	9.97557887	152.9855055	-13.47530445
146.093157	9.872105843	152.8772357	-13.60465322
146.1574195	9.771021971	152.7683174	-13.73189511
146.2212903	9.672381971	152.658774	-13.85699427
146.284812	9.576235349	152.5486286	-13.97991748
146.3480269	9.482626589	152.437904	-14.10063392
146.4109775	9.391595367	152.326623	-14.21911507
146.4737062	9.303176766	152.2148079	-14.33533447
146.5362553	9.217401511	152.1024811	-14.44926756
146.598667	9.134296211	151.9896645	-14.56089149
146.6609833	9.053883615	151.8763799	-14.67018494
146.7232315	8.976182877	151.7626381	-14.77712793
146.7854053	8.901209828	151.6484258	-14.8817016
146.8474943	8.828977243	151.5337267	-14.98388807
146.9094883	8.759495093	151.4185247	-15.08367028
146.9713771	8.692770785	151.3028036	-15.1810318
147.0331508	8.628809382	151.1865476	-15.27595674
147.0947996	8.567613807	151.0697407	-15.36842963
147.1563138	8.509185033	150.9523674	-15.45843534
147.217684	8.453522258	150.834412	-15.54595897
147.2789008	8.400623059	150.7158592	-15.63098585
147.3399551	8.350483538	150.5966935	-15.71350143
147.4008379	8.303098446	150.4769	-15.79349134
147.4615404	8.258461293	150.3564636	-15.87094131
147.5220538	8.216564443	150.2353693	-15.94583726
147.5823697	8.177399196	150.1136024	-16.01816525
147.6424797	8.14095585	149.9911484	-16.0879116
147.7023756	8.107223753	149.8679926	-16.15506293
147.7620493	8.076191335	149.7441209	-16.21960624
147.821493	8.047846129	149.6195189	-16.28152902
147.880699	8.022174777	149.4941727	-16.34081937
147.9396596	7.999163016	149.3680682	-16.39746616
147.9983674	7.978795659	149.2411919	-16.45145913
148.0568236	7.961056555	149.1135455	-16.50278913
148.1150491	7.945928536	148.985167	-16.55144826
148.1730671	7.933393368	148.8560989	-16.59743006
148.230901	7.923431696	148.7263838	-16.64072973
148.2885741	7.916022989	148.596064	-16.68134422
148.3461096	7.911145491	148.4651819	-16.71927245
148.4035306	7.908776175	148.3337796	-16.75451543
148.4608604	7.908890695	148.2018991	-16.78707639
148.5181219	7.911463342	148.0695823	-16.81696087
148.5753381	7.916467003	147.9368709	-16.8441769
148.6325321	7.92387312	147.8038065	-16.86873504
148.6897267	7.933651655	147.6704306	-16.89064847
148.7469448	7.945771055	147.5367844	-16.9099331
148.8042091	7.960198215	147.4029092	-16.92660761
148.8615424	7.976898458	147.2688457	-16.94069349
148.9189674	7.995835499	147.134635	-16.95221512
148.9765067	8.016971426	147.0003174	-16.96119977
149.0341828	8.040266676	146.8659336	-16.96767764
149.0920183	8.065680021	146.7315238	-16.97168184
149.1500356	8.093168549	146.597128	-16.97324844
149.208257	8.122687654	146.4627862	-16.97241641
149.266705	8.154191029	146.328538	-16.96922761
149.3254041	8.187630661	146.194421	-16.96372677
149.3843824	8.222956831	146.0604698	-16.95596142
149.4436683	8.26011812	145.9267184	-16.94598185
149.5032904	8.29906142	145.7932009	-16.93384106
149.5632771	8.339731962	145.6599514	-16.91959465
149.6236571	8.382073334	145.5270036	-16.90330077
149.6844587	8.426027528	145.3943914	-16.88502001
149.7457107	8.471534976	145.2621486	-16.8648153
149.8074414	8.51853461	145.1303087	-16.84275182
149.8696796	8.566963918	144.9989053	-16.81889685
149.9324537	8.616759019	144.8679719	-16.79331966
149.9957923	8.667854742	144.7375419	-16.76609137
150.0597241	8.720184712	144.6076485	-16.73728476
150.1242777	8.773681456	144.478325	-16.70697418
150.1894816	8.828276505	144.3496044	-16.6752353
150.2553645	8.883900518	144.2215198	-16.64214497
150.321955	8.940483408	144.0941041	-16.60778102
150.3892819	8.997954486	143.9673902	-16.57222204
150.4573738	9.056242613	143.8414109	-16.53554718
150.5262593	9.115276358	143.7161986	-16.49783587
150.5959672	9.174984178	143.5917862	-16.45916763
150.6665259	9.235294603	143.4682057	-16.4196218
150.7379483	9.296136434	143.3454685	-16.37927725
150.8102201	9.357438946	143.2235508	-16.3382121
150.8833249	9.419132096	143.1024254	-16.29650348
150.9572461	9.481146714	142.9820654	-16.25422727
151.031967	9.543414689	142.8624435	-16.21145781
151.1074711	9.605869144	142.7435327	-16.16826777
151.1837418	9.668444601	142.6253062	-16.12472782
151.2607627	9.731077139	142.5077369	-16.08090658
151.3385172	9.793704537	142.390798	-16.0368703
151.4169887	9.856266416	142.2744626	-15.99268282
151.4961608	9.918704367	142.158704	-15.94840534
151.5760171	9.980962073	142.0434953	-15.90409633
151.656541	10.04298542	141.9288101	-15.85981141
151.7377162	10.1047226	141.8146216	-15.81560323
151.8195261	10.16612423	141.7009032	-15.77152139
151.9019544	10.22714341	141.5876286	-15.72761234
151.9849846	10.28773582	141.4747712	-15.68391938
152.0686005	10.34785981	141.3623047	-15.64048252
152.1527855	10.40747646	141.2502028	-15.59733853
152.2375233	10.46654961	141.1384392	-15.55452084
152.3227977	10.52504599	141.0269879	-15.51205959
152.4085922	10.5829352	140.9158227	-15.46998158
152.4948881	10.64018979	140.8049224	-15.42831031
152.5816621	10.69678527	140.6942738	-15.387066
152.6688908	10.75270019	140.5838644	-15.34626562
152.7565506	10.8079161	140.4736819	-15.30592289
152.8446178	10.86241758	140.3637136	-15.26604839
152.933069	10.91619227	140.2539472	-15.22664953
153.0218805	10.96923081	140.14437	-15.18773066
153.1110287	11.02152686	140.0349694	-15.14929307
153.20049	11.07307705	139.9257329	-15.11133508
153.2902409	11.12388097	139.8166476	-15.07385213
153.3802577	11.17394109	139.707701	-15.03683676
153.4705167	11.22326272	139.5988803	-15.00027879
153.5609945	11.27185396	139.4901726	-14.9641653
153.6516673	11.31972558	139.3815651	-14.92848079
153.7425116	11.36689099	139.2730448	-14.89320721
153.8335036	11.41336613	139.164599	-14.85832408
153.9246199	11.45916933	139.0562145	-14.82380858
154.0158368	11.50432125	138.9478783	-14.78963567
154.1071306	11.54884473	138.8395773	-14.75577816
154.1984778	11.59276467	138.7312985	-14.72220685
154.2898547	11.63610788	138.6230285	-14.68889064
154.3812381	11.67890293	138.5147543	-14.65579665
154.4726169	11.72117998	138.4064694	-14.62289037
154.5639958	11.76297066	138.2981759	-14.59013576
154.6553805	11.80430783	138.1898765	-14.55749543
154.7467768	11.84522547	138.0815745	-14.5249307
154.8381906	11.88575852	137.9732733	-14.49240182
154.9296282	11.9259427	137.8649767	-14.45986802
155.0210956	11.96581438	137.7566888	-14.4272877
155.1125993	12.00541044	137.6484141	-14.39461849
155.2041459	12.04476809	137.5401574	-14.36181745
155.2957419	12.08392482	137.4319236	-14.3288411
155.3873942	12.12291817	137.3237182	-14.29564562
155.4791098	12.16178566	137.215547	-14.26218691
155.5708955	12.20056468	137.1074159	-14.22842076
155.6627588	12.23929232	136.9993313	-14.19430287
155.7547068	12.27800531	136.8913	-14.15978909
155.8467472	12.31673986	136.7833288	-14.12483539
155.9388874	12.35553159	136.6754252	-14.08939809
156.0311353	12.39441542	136.5675967	-14.05343386
156.1234987	12.43342547	136.4598515	-14.0168999
156.2159857	12.47259495	136.3521976	-13.979754
156.3086044	12.51195607	136.2446439	-13.94195466
156.4013633	12.55154	136.1371993	-13.90346116
156.4942742	12.59137672	136.0298765	-13.86423367
156.5873535	12.63149497	135.9226927	-13.82423335
156.6806176	12.67192219	135.8156653	-13.78342242
156.7740831	12.71268443	135.7088114	-13.74176426
156.8677663	12.75380629	135.602148	-13.69922345
156.9616833	12.7953109	135.4956921	-13.65576588
157.0558503	12.83721984	135.3894604	-13.61135879
157.1502834	12.87955313	135.2834695	-13.56597084
157.2449984	12.92232916	135.177736	-13.51957215
157.3400113	12.96556472	135.0722761	-13.47213438
157.4353377	13.00927492	134.9671062	-13.42363073
157.5309934	13.05347325	134.8622422	-13.37403601
157.6269937	13.09817151	134.7577001	-13.32332668
157.7233543	13.14337984	134.6534958	-13.27148087
157.8200905	13.18910672	134.5496448	-13.2184784
157.9172174	13.235359	134.4461627	-13.16430083
158.0147502	13.28214189	134.3430649	-13.10893146
158.1127041	13.32945902	134.2403667	-13.05235537
158.2110938	13.37731242	134.138083	-12.99455938
158.3099342	13.42570261	134.0362289	-12.93553216
158.40924	13.47462862	133.9348193	-12.87526414
158.5090258	13.52408801	133.8338686	-12.81374755
158.6093007	13.57407696	133.733391	-12.75097647
158.7100673	13.62459033	133.6333999	-12.68694674
158.8113274	13.67562168	133.5339087	-12.62165604
158.9130832	13.72716334	133.434931	-12.55510385
159.0153367	13.7792065	133.3364804	-12.48729144
159.11809	13.83174121	133.2385708	-12.41822186
159.2213452	13.88475648	133.1412161	-12.34789995
159.3251046	13.9382403	133.0444303	-12.27633234
159.4293703	13.99217972	132.9482276	-12.20352737
159.5341447	14.04656087	132.8526223	-12.12949514
159.63943	14.10136906	132.7576286	-12.05424746
159.7452286	14.15658876	132.6632611	-11.97779785
159.8515429	14.21220371	132.5695343	-11.90016146
159.9583753	14.26819696	132.476463	-11.82135511
160.0657282	14.32455089	132.3840617	-11.74139723
160.1736043	14.38124727	132.2923455	-11.66030783
160.2820059	14.43826733	132.2013292	-11.57810843
160.3909358	14.4955918	132.1110279	-11.49482209
160.5003966	14.55320095	132.0214566	-11.41047329
160.6103909	14.61107461	131.9326307	-11.32508795
160.7209215	14.6691923	131.8445654	-11.23869334
160.831991	14.72753321	131.7572758	-11.15131801
160.943599	14.78607626	131.6707727	-11.0629918
161.0557425	14.84480018	131.5850627	-10.97374569
161.1684181	14.90368353	131.5001524	-10.88361182
161.2816229	14.96270474	131.4160485	-10.79262336
161.3953538	15.02184221	131.3327578	-10.70081452
161.509608	15.08107425	131.2502874	-10.60822041
161.6243828	15.14037924	131.1686445	-10.51487704
161.7396755	15.19973556	131.0878364	-10.42082121
161.8554836	15.25912169	131.0078707	-10.32609048
161.9718048	15.31851623	130.9287548	-10.23072312
162.0886367	15.37789792	130.8504968	-10.13475797
162.2059771	15.4372457	130.7731043	-10.03823445
162.3238241	15.4965387	130.6965857	-9.941192468
162.4421756	15.55575629	130.6209489	-9.843672321
162.5610299	15.61487814	130.5462026	-9.745714656
162.6803853	15.67388419	130.472355	-9.647360377
162.8002402	15.73275472	130.3994149	-9.548650571
162.9205932	15.79147036	130.3273911	-9.449626428
163.041443	15.85001211	130.2562925	-9.350329152
163.1627882	15.90836141	130.1861281	-9.250799878
163.284628	15.96650009	130.1169072	-9.151079578
163.4069612	16.02441048	130.0486387	-9.051208967
163.5297851	16.08207538	129.981326	-8.951228402
163.653095	16.13947811	129.9149665	-8.851177785
163.7768859	16.19660254	129.8495569	-8.751096455
163.9011526	16.25343308	129.7850938	-8.651023096
164.0258901	16.30995477	129.7215734	-8.550995634
164.1510928	16.36615323	129.6589918	-8.451051142
164.2767552	16.42201473	129.5973447	-8.351225747
164.4028716	16.47752619	129.5366274	-8.251554537
164.5294362	16.5326752	129.4768353	-8.152071469
164.6564429	16.58745002	129.417963	-8.052809283
164.7838855	16.64183962	129.3600054	-7.953799414
164.9117576	16.69583367	129.3029566	-7.855071905
165.0400528	16.74942258	129.2468108	-7.756655326
165.1687644	16.80259748	129.1915618	-7.658576694
165.2978855	16.85535021	129.137203	-7.56086139
165.427409	16.90767339	129.0837277	-7.463533084
165.5573279	16.95956036	129.0311288	-7.366613659
165.6876347	17.01100522	128.979399	-7.270123139
165.8183219	17.06200279	128.9285307	-7.174079616
165.9493819	17.11254866	128.8785161	-7.078499181
166.0808066	17.16263912	128.8293469	-6.983395858
166.2125882	17.21227122	128.7810148	-6.888781542
166.3447185	17.26144272	128.7335114	-6.794665931
166.4771896	17.31015206	128.6868288	-6.701056473
166.6099935	17.35839841	128.6409592	-6.607958302
166.7431222	17.40618158	128.5958953	-6.515374191
166.8765681	17.45350204	128.5516298	-6.423304489
167.0103232	17.50036091	128.5081559	-6.331747077
167.1443799	17.54675991	128.4654669	-6.240697316
167.2787304	17.59270133	128.4235563	-6.150147996
167.4133672	17.63818804	128.3824181	-6.06008929
167.5482825	17.6832234	128.3420464	-5.970508712
167.6834689	17.7278113	128.3024354	-5.881391065
167.818919	17.77195606	128.2635798	-5.792718406
167.9546251	17.81566242	128.2254744	-5.704469997
168.0905801	17.85893552	128.1881143	-5.616622266
168.2267764	17.90178084	128.1514948	-5.529148767
168.363207	17.94420413	128.1156114	-5.442020138
168.4998645	17.98621142	128.0804599	-5.355204066
168.6367418	18.02780893	128.0460364	-5.268665248
168.7738318	18.06900305	128.012337	-5.18236535
168.9111275	18.10980025	127.9793582	-5.096262977
169.0486218	18.15020708	127.9470968	-5.010313635
169.186308	18.19023006	127.9155479	-4.924469697
169.32418	18.22987567	127.8846846	-4.838680372
169.462233	18.26915023	127.8544631	-4.752891682
169.600462	18.30805993	127.8248399	-4.667046456
169.7388619	18.34661067	127.795772	-4.581084346
169.8774281	18.38480807	127.767217	-4.494941865
170.0161557	18.42265735	127.7391329	-4.408552451
170.1550401	18.46016332	127.7114783	-4.321846545
170.2940768	18.49733028	127.6842124	-4.234751704
170.4332612	18.53416194	127.6572948	-4.147192726
170.5725889	18.5706614	127.6306859	-4.059091802
170.7120555	18.60683103	127.6043464	-3.97036869
170.8516568	18.64267242	127.5782377	-3.880940912
170.9913886	18.67818632	127.5523218	-3.790723974
171.1312468	18.71337255	127.5265613	-3.699631605
171.2712273	18.74822995	127.5009192	-3.607576024
171.4113263	18.78275626	127.4753594	-3.514468229
171.5515398	18.8169481	127.4498461	-3.4202183
171.6918642	18.85080086	127.4243443	-3.324735739
171.8322956	18.88430864	127.3988196	-3.227929822
171.9728305	18.91746417	127.3732381	-3.129709976
172.1134654	18.95025871	127.3475667	-3.029986184
172.2541977	18.98268203	127.3217762	-2.928669407
172.3950378	19.01472226	127.2958874	-2.825672027
172.5360057	19.04636587	127.2699579	-2.720908297
172.6771213	19.07759758	127.2440445	-2.614294786
172.8184043	19.10840032	127.218202	-2.50575079
172.9598737	19.13875518	127.1924836	-2.395198734
173.1015482	19.1686414	127.1669405	-2.282564547
173.2434463	19.19803632	127.141622	-2.167778017
173.3855859	19.22691538	127.1165756	-2.050773134
173.5279844	19.25525216	127.0918471	-1.93148841
173.6706592	19.28301836	127.0674803	-1.809867188
173.8136268	19.31018382	127.0435173	-1.685857934
173.9569037	19.33671662	127.0199982	-1.559414518
174.1005057	19.36258304	126.9969616	-1.430496479
174.2444483	19.38774768	126.974444	-1.299069289
174.3887466	19.41217354	126.9524802	-1.165104592
174.5334152	19.43582205	126.9311033	-1.028580448
174.6784684	19.4586532	126.9103446	-0.889481566
174.8239198	19.48062562	126.8902335	-0.747799522
174.9697827	19.50169673	126.8707978	-0.603532986
175.1160701	19.52182282	126.8520636	-0.456687929
175.2627944	19.5409592	126.8340551	-0.307277839
175.4099664	19.55906037	126.8167975	-0.155323927
175.5575812	19.57608012	126.8003541	-0.000855327
175.7056216	19.59197174	126.7848174	0.156090709
175.8540701	19.60668815	126.7702783	0.315468657
176.0029096	19.62018204	126.7568252	0.477224592
176.1521226	19.63240608	126.7445441	0.641296106
176.3016923	19.64331297	126.7335185	0.807612252
176.4516017	19.65285569	126.72383	0.976093531
176.6018339	19.66098753	126.7155576	1.146651909
176.7523723	19.66766232	126.7087785	1.319190867
176.9032004	19.67283449	126.7035676	1.493605485
177.0543017	19.67645924	126.6999983	1.669782557
177.2056601	19.67849264	126.6981416	1.847600735
177.3572594	19.67889177	126.6980672	2.026930708
177.5090837	19.67761483	126.6998428	2.207635405
177.6611172	19.67462127	126.7035349	2.389570233
177.8133443	19.6698719	126.7092082	2.572583344
177.9657495	19.66332902	126.7169263	2.756515925
178.1183174	19.6549565	126.7267514	2.941202526
178.2710331	19.64471993	126.7387448	3.126471409
178.4238813	19.63258672	126.7529667	3.312144933
178.5768475	19.61852621	126.7694763	3.498039961
178.7299146	19.60250979	126.7883257	3.683968303
178.8830439	19.58451101	126.8095016	3.869737178
179.0361849	19.56450567	126.8329564	4.055149691
179.1892879	19.54247193	126.8586458	4.240005292
179.3423045	19.51839036	126.8865285	4.42410022
179.495187	19.49224402	126.9165671	4.607227918
179.6478891	19.46401848	126.9487272	4.789179442
179.8003655	19.43370184	126.9829779	4.969743848
180.0474281	19.40128884	127.0192914	5.148708566
180.1044651	19.36679314	127.0576432	5.325859772
180.256003	19.3302309	127.0980118	5.50098274
180.4071444	19.29160438	127.1403789	5.673862202
180.5578494	19.25091415	127.1847291	5.844282699
180.7080788	19.20816314	127.23105	6.012028931
180.8577948	19.16335657	127.2793322	6.176886115
181.0069604	19.11650185	127.329569	6.338640343
181.1555394	19.06760848	127.3817564	6.497078948
181.303497	19.01668793	127.4358932	6.65199088
181.4507992	18.96375356	127.4919809	6.803167098
181.5974127	18.90882043	127.5500235	6.950400964
181.7433055	18.85190521	127.6100274	7.093488669
181.8884463	18.79302602	127.6720017	7.232229664
182.0328068	18.73220224	127.7359521	7.366427119
182.1763797	18.66945438	127.8018318	7.495888394
182.31917	18.60480392	127.8695632	7.620425523
182.4611829	18.53827312	127.9390692	7.739855684
182.6024235	18.46988488	128.010274	7.854001644
182.7428973	18.39966262	128.0831023	7.962692196
182.8826095	18.32763012	128.1574801	8.065762568
183.0215657	18.25381143	128.233334	8.163054815
183.1597713	18.17823073	128.3105913	8.254418203
183.2972321	18.10091226	128.3891799	8.339709571
183.4339535	18.0218802	128.4690283	8.418793677
183.5699415	17.94115863	128.5500658	8.491543541
183.7052016	17.85877139	128.6322217	8.55784076
183.8397399	17.7747421	128.7154261	8.617575827
183.9735623	17.68909406	128.7996094	8.670648429
184.1066746	17.60185022	128.8847022	8.716967738
184.239083	17.51303313	128.9706356	8.756452691
184.3707936	17.42266495	129.0573409	8.78903226
184.5018124	17.33076741	129.1447495	8.814645719
184.6321459	17.23736182	129.2327933	8.833242895
184.7618001	17.14246906	129.3214041	8.844784413
184.8907816	17.04610961	129.4105142	8.849241937
185.0190966	16.94830355	129.5000525	8.846598399
185.1467503	16.84907062	129.5899111	8.836848222
185.273746	16.74843025	129.6799588	8.819997519
185.4000852	16.6464016	129.7700615	8.796064265
185.5257675	16.5430036	129.8600829	8.765078423
185.6507907	16.43825506	129.9498848	8.727082034
185.775151	16.33217469	130.0393267	8.68212926
185.8988427	16.22478119	130.128266	8.630286381
186.0218582	16.11609331	130.2165585	8.571631752
186.1441885	16.00612994	130.3040578	8.506255703
186.2658227	15.89491016	130.3906158	8.434260403
186.3867481	15.78245336	130.4760826	8.355759662
186.5069505	15.66877924	130.5603066	8.270878691
186.6264138	15.55390796	130.6431346	8.179753804
186.7451205	15.43786014	130.7244116	8.082532066
186.8630513	15.32065698	130.8039813	7.979370893
186.9801851	15.20232029	130.8816857	7.870437583
187.0964996	15.08287253	130.9573655	7.755908802
187.2119706	14.96233689	131.0308599	7.635970001
187.3265724	14.84073731	131.102007	7.510814773
187.4402778	14.71809851	131.1706433	7.380644158
187.5530581	14.59444601	131.2366044	7.245665868
187.6648851	14.46980615	131.2997438	7.106093459
187.7757431	14.34420607	131.3600517	6.962145445
187.8856222	14.21767373	131.4175769	6.81404439
187.9945127	14.09023788	131.4723687	6.662016021
188.1024052	13.96192805	131.5244761	6.506288383
188.2092901	13.83277453	131.5739479	6.347091029
188.3151582	13.70280839	131.6208327	6.18465426
188.4200006	13.57206141	131.6651787	6.01920839
188.5238082	13.4405661	131.707034	5.850983065
188.6265724	13.30835568	131.7464464	5.680206603
188.7282845	13.17546403	131.783463	5.507105382
188.8289362	13.0419257	131.818131	5.331903255
188.9285191	12.90777584	131.8504968	5.154821001
189.0270254	12.77305024	131.8806065	4.976075811
189.124447	12.63778525	131.9085057	4.795880801
189.2207763	12.50201776	131.9342398	4.61444456
189.3160059	12.36578516	131.9578533	4.43197072
189.4101283	12.22912536	131.9793904	4.248657564
189.5031365	12.09207666	131.9988949	4.064697653
189.5950236	11.9546778	132.0164098	3.880277483
189.6857828	11.81696787	132.0319778	3.695577163
189.7754075	11.67898627	132.0456409	3.510770126
189.8638923	11.5407727	132.0574426	3.326022853
189.9512378	11.40236708	132.0674396	3.141494624
190.037448	11.2638095	132.0756953	2.957337297
190.1225276	11.12514019	132.0822736	2.773695115
190.2064819	10.9863995	132.087239	2.590704542
190.2893169	10.84762781	132.0906566	2.408494136
190.3710392	10.70886553	132.092592	2.227184447
190.451656	10.57015304	132.0931113	2.046887949
190.5311753	10.43153072	132.0922812	1.867709002
190.6096054	10.29303884	132.0901689	1.689743845
190.6869553	10.15471761	132.0868421	1.513080615
190.7632346	10.01660711	132.0823691	1.337799407
190.8384534	9.878747316	132.0768184	1.163972348
190.9126222	9.741178074	132.0702595	0.991663718
190.9857522	9.603939095	132.0627618	0.820930088
191.0578549	9.467069952	132.0543956	0.651820493
191.1289423	9.330610095	132.0452314	0.484376639
191.1990269	9.194598848	132.0353404	0.318633132
191.2681216	9.059075431	132.0247939	0.154617743
191.3362398	8.924078975	132.013664	-0.007648299
191.4033951	8.789648545	132.002023	-0.168149983
191.4696017	8.655823169	131.9899437	-0.326878162
191.5348715	8.522641872	131.9774901	-0.483829167
191.5991974	8.390143711	131.9646562	-0.639004399
191.6625639	8.258367814	131.9514046	-0.792409911
191.7249552	8.127353399	131.9376977	-0.944056005
191.7863557	7.997139802	131.9234984	-1.093956857
191.8467497	7.867766473	131.9087697	-1.242130164
191.9061219	7.739272975	131.8934752	-1.388596822
191.9644567	7.611698969	131.8775783	-1.533380627
192.0217387	7.48508418	131.8610432	-1.676507999
192.0779525	7.359468363	131.843834	-1.818007736
192.1330829	7.234891245	131.8259151	-1.957910792
192.1871146	7.111392468	131.8072512	-2.09625008
192.2400324	6.989011509	131.7878074	-2.233060294
192.2918209	6.867787594	131.7675487	-2.368377766
192.3424652	6.747759595	131.7464405	-2.502240338
192.39195	6.628965924	131.7244486	-2.634687263
192.4402603	6.511444401	131.7015387	-2.765759125
192.487381	6.395232121	131.6776769	-2.895497787
192.533297	6.280365301	131.6528294	-3.023946362
192.5779933	6.166879117	131.6269627	-3.1511492
192.6214548	6.05480753	131.6000434	-3.277151907
192.6636667	5.944183092	131.5720384	-3.40200138
192.7046219	5.835036747	131.5429253	-3.525745863
192.7443555	5.727397616	131.5127373	-3.648435025
192.7829159	5.621292788	131.4815254	-3.770120033
192.8203516	5.516747123	131.4493407	-3.890853617
192.8567107	5.413783075	131.4162343	-4.010690103
192.8920415	5.31242053	131.3822571	-4.129685433
192.926392	5.212676667	131.3474602	-4.247897156
192.9598101	5.114565836	131.3118947	-4.365384402
192.9923437	5.018099455	131.2756115	-4.482207823
193.0240405	4.923285926	131.2386619	-4.598429522
193.0549483	4.830130563	131.2010969	-4.714112948
193.0851146	4.73863555	131.1629676	-4.829322772
193.1145871	4.648799909	131.1243251	-4.94412474
193.1434131	4.560619486	131.0852208	-5.058585497
193.1716401	4.474086957	131.0457058	-5.172772388
193.1993154	4.389191853	131.0058313	-5.286753237
193.2264862	4.305920603	130.9656486	-5.400596094
193.2531999	4.224256593	130.9252092	-5.514368961
193.2795034	4.144180244	130.8845642	-5.628139491
193.3054439	4.065669108	130.8437652	-5.741974663
193.3310685	3.988697984	130.8028635	-5.855940423
193.356424	3.913239049	130.7619107	-5.970101307
193.381552	3.839262012	130.720943	-6.08452003
193.4064647	3.766734275	130.679915	-6.199257062
193.4311645	3.695621112	130.6387539	-6.314370201
193.4556539	3.625885844	130.5973869	-6.429914172
193.4799353	3.557490001	130.5557408	-6.545940263
193.5040111	3.490393499	130.5137424	-6.662495998
193.5278834	3.424554791	130.4713184	-6.779624843
193.5515547	3.359931033	130.4283951	-6.897365947
193.5750271	3.296478233	130.3848991	-7.015753927
193.5983027	3.234151403	130.3407563	-7.134818678
193.6213838	3.172904708	130.295893	-7.254585224
193.6442724	3.112691605	130.2502351	-7.375073606
193.6669705	3.053464989	130.2037084	-7.496298802
193.6894803	2.995177326	130.1562387	-7.618270688
193.7118036	2.937780792	130.1077515	-7.740994025
193.7339425	2.881227398	130.0581722	-7.86446849
193.7558989	2.82546913	130.0074263	-7.988688742
193.7776746	2.770458065	129.955439	-8.11364452
193.7992715	2.716146507	129.9021354	-8.239320777
193.8206915	2.662487099	129.8474406	-8.365697856
193.8419362	2.609432956	129.7912794	-8.492751691
193.8630075	2.556937774	129.7335767	-8.620454056
193.8839048	2.504955956	129.6742676	-8.748772842
193.9046146	2.453442723	129.6133455	-8.877672367
193.925119	2.402354228	129.550824	-9.007113704
193.9454003	2.351647651	129.4867168	-9.137055004
193.965441	2.301281295	129.4210378	-9.267451813
193.9852235	2.251214662	129.3538008	-9.398257378
194.0047305	2.20140852	129.2850202	-9.529422949
194.0239447	2.151824968	129.2147103	-9.660898062
194.0428488	2.102427475	129.1428856	-9.792630826
194.061426	2.053180929	129.0695607	-9.92456819
194.0796592	2.004051659	128.9947505	-10.05665621
194.0975317	1.955007457	128.9184699	-10.1888403
194.1150266	1.90601759	128.840734	-10.32106547
194.1321273	1.8570528	128.7615582	-10.4532766
194.1488175	1.808085297	128.6809579	-10.58541863
194.1650805	1.759088742	128.5989486	-10.71743678
194.1809001	1.710038225	128.5155462	-10.84927682
194.1962601	1.660910231	128.4307663	-10.98088521
194.2111443	1.611682597	128.3446252	-11.11220932
194.2255366	1.562334465	128.2571388	-11.24319767
194.2394211	1.512846225	128.1683234	-11.37380003
194.2527819	1.46319945	128.0781955	-11.50396768
194.2656077	1.41337682	127.9867758	-11.63365352
194.2779049	1.36336205	127.8941017	-11.76281227
194.2896841	1.313139806	127.8002142	-11.89140058
194.3009559	1.262695632	127.7051542	-12.01937723
194.3117307	1.212015886	127.6089625	-12.14670316
194.3220192	1.161087671	127.5116795	-12.27334162
194.3318318	1.109898785	127.4133454	-12.39925823
194.3411789	1.058437669	127.3140001	-12.52442101
194.3500709	1.006693367	127.2136834	-12.64880049
194.3585183	0.954655486	127.1124349	-12.77236965
194.3665314	0.902314171	127.0102938	-12.89510396
194.3741205	0.849660077	126.9072992	-13.0169814
194.381296	0.796684356	126.8034898	-13.13798237
194.3880681	0.743378648	126.6989041	-13.25808967
194.3944472	0.689735071	126.5935806	-13.37728845
194.4004434	0.635746233	126.4875571	-13.49556611
194.406067	0.581405235	126.3808715	-13.61291221
194.4113282	0.526705691	126.2735614	-13.72931836
194.4162372	0.47164175	126.165664	-13.84477809
194.4208041	0.416208128	126.0572163	-13.95928672
194.425039	0.360400139	125.9482552	-14.07284116
194.4289522	0.304213746	125.8388171	-14.18543979
194.4325498	0.247645605	125.7289295	-14.29708224
194.4358237	0.190693122	125.6185849	-14.40776917
194.4387618	0.133354511	125.5077673	-14.51750213
194.4413521	0.075628841	125.3964609	-14.6262833
194.4435828	0.017516093	125.2846497	-14.73411534
194.4454419	-0.040982806	125.1723183	-14.84100121
194.4469174	-0.099865936	125.0594511	-14.94694404
194.4479977	-0.159130354	124.9460329	-15.05194693
194.4486707	-0.218772063	124.8320483	-15.15601287
194.4489248	-0.278785986	124.7174825	-15.25914457
194.448748	-0.339165949	124.6023203	-15.36134439
194.4481288	-0.39990466	124.4865471	-15.46261421
194.4470552	-0.460993704	124.3701483	-15.56295534
194.4455157	-0.522423529	124.2531093	-15.66236847
194.4434985	-0.584183453	124.1354159	-15.76085358
194.4409921	-0.646261659	124.0170538	-15.8584099
194.4379848	-0.708645209	123.898009	-15.95503583
194.4344651	-0.771320051	123.7782678	-16.05072897
194.4304214	-0.834271041	123.6578162	-16.14548602
194.4258423	-0.897481962	123.5366409	-16.23930284
194.4207162	-0.960935553	123.4147283	-16.33217441
194.4150319	-1.02461354	123.2920653	-16.42409484
194.4087774	-1.08849667	123.1686403	-16.5150574
194.4019392	-1.15256476	123.0444481	-16.60505456
194.3945033	-1.216796739	122.9194853	-16.69407799
194.3864556	-1.281170704	122.7937486	-16.78211866
194.3777822	-1.345663981	122.6672347	-16.86916684
194.3684691	-1.410253192	122.5399405	-16.95521218
194.3585024	-1.474914332	122.4118631	-17.04024378
194.3478681	-1.539622844	122.2829995	-17.12425023
194.3365522	-1.604353716	122.153347	-17.2072197
194.3245408	-1.669081566	122.0229029	-17.28914002
194.31182	-1.733780754	121.8916646	-17.36999875
194.2983757	-1.798425483	121.7596296	-17.44978328
194.284194	-1.862989923	121.6267954	-17.52848093
194.2692609	-1.927448331	121.4931597	-17.60607902
194.2535623	-1.991775183	121.3587202	-17.68256502
194.2370841	-2.055945317	121.2234747	-17.75792661
194.2198122	-2.119934076	121.087421	-17.83215185
194.2017325	-2.183717467	120.950557	-17.90522926
194.1828308	-2.247272321	120.8128806	-17.97714796
194.1630927	-2.310576469	120.6743898	-18.04789781
194.142504	-2.373608916	120.5350826	-18.11746956
194.1210502	-2.436350035	120.3949569	-18.18585494
194.0987304	-2.498781758	120.2540209	-18.25304689
194.0755818	-2.560887779	120.1123103	-18.31903965
194.0516483	-2.622653745	119.9698663	-18.38382891
194.0269737	-2.684067429	119.8267295	-18.447412
194.0016017	-2.745118883	119.6829406	-18.5097879
193.9755758	-2.805800569	119.53854	-18.57095746
193.9489395	-2.866107468	119.3935682	-18.63092338
193.9217363	-2.926037172	119.2480655	-18.68969034
193.8940092	-2.985589949	119.1020719	-18.747265
193.8658016	-3.04476879	118.9556276	-18.80365609
193.8371566	-3.103579439	118.8087725	-18.85887438
193.8081171	-3.162030392	118.6615464	-18.91293272
193.778726	-3.220132888	118.5139891	-18.96584597
193.7490264	-3.277900866	118.3661403	-19.01763105
193.7190608	-3.335350912	118.2180396	-19.06830681
193.6888722	-3.39250218	118.0697264	-19.11789401
193.6585031	-3.449376291	117.9212402	-19.16641527
193.6279962	-3.505997216	117.7726203	-19.2138949
193.597394	-3.562391131	117.6239061	-19.26035884
193.566739	-3.618586259	117.4751367	-19.30583455
193.5360738	-3.674612682	117.3263514	-19.35035081
193.5054406	-3.73050214	117.1775892	-19.39393758
193.4748677	-3.786287805	117.0288781	-19.43662586
193.4443412	-3.842004039	116.8802137	-19.47844747
193.4138397	-3.89768615	116.7315856	-19.51943483
193.3833419	-3.953370154	116.5829836	-19.55962084
193.3528262	-4.009092548	116.4343972	-19.59903865
193.3222714	-4.064890097	116.2858161	-19.63772152
193.2916563	-4.120799629	116.1372301	-19.67570263
193.2609595	-4.176857839	115.9886288	-19.71301499
193.2301598	-4.233101109	115.8400019	-19.7496912
193.1992359	-4.289565335	115.6913392	-19.78576339
193.1681667	-4.346285762	115.5426302	-19.82126309
193.136931	-4.403296835	115.3938648	-19.85622105
193.1055077	-4.460632056	115.2450326	-19.89066719
193.0738756	-4.518323849	115.0961233	-19.92463046
193.0420136	-4.576403443	114.9471265	-19.95813876
193.0099006	-4.634900751	114.798032	-19.99121883
192.9775155	-4.693844275	114.6488293	-20.02389617
192.9448373	-4.753261004	114.4995081	-20.056195
192.911845	-4.813176332	114.3500581	-20.08813813
192.8785173	-4.873613982	114.2004688	-20.11974694
192.8448335	-4.93459594	114.0507298	-20.15104131
192.8107724	-4.99614239	113.9008306	-20.18203958
192.7763122	-5.058271675	113.750759	-20.21275847
192.741429	-5.121000246	113.6004968	-20.24321312
192.7060981	-5.184342635	113.4500247	-20.27341697
192.6702952	-5.248311438	113.2993237	-20.30338183
192.6339956	-5.312917297	113.1483748	-20.33311782
192.5971748	-5.378168903	112.9971591	-20.36263338
192.5598083	-5.444073007	112.8456577	-20.39193531
192.5218715	-5.510634437	112.6938518	-20.4210288
192.4833399	-5.577856132	112.5417227	-20.44991742
192.4441889	-5.645739177	112.3892517	-20.47860324
192.4043938	-5.714282856	112.2364204	-20.50708682
192.3639301	-5.783484713	112.0832101	-20.53536733
192.3227731	-5.853340624	111.9296024	-20.56344258
192.2808982	-5.923844874	111.7755789	-20.59130918
192.2382807	-5.994990248	111.6211213	-20.61896256
192.1948958	-6.066768137	111.4662113	-20.64639715
192.150719	-6.139168645	111.3108307	-20.67360645
192.1057255	-6.212180712	111.1549613	-20.7005832
192.0598905	-6.285792247	110.998585	-20.72731948
192.0131892	-6.359990271	110.8416838	-20.7538069
191.9655968	-6.434761066	110.6842396	-20.78003676
191.9170886	-6.510090344	110.5262344	-20.80600018
191.867655	-6.585963417	110.3676681	-20.83168834
191.817319	-6.662365379	110.2085777	-20.85709262
191.7661077	-6.739281273	110.049005	-20.88220481
191.7140483	-6.816696261	109.8889915	-20.90701725
191.6611679	-6.894595758	109.7285785	-20.93152298
191.6074937	-6.972965568	109.5678074	-20.95571586
191.5530528	-7.05179199	109.4067191	-20.97959066
191.4978724	-7.13106192	109.2453544	-21.00314315
191.4419795	-7.210762927	109.0837539	-21.02637018
191.3854014	-7.290883317	108.9219583	-21.04926967
191.3281653	-7.371412187	108.7600077	-21.07184066
191.2702982	-7.452339453	108.5979423	-21.09408332
191.2118275	-7.533655868	108.435802	-21.11599893
191.1527801	-7.615353027	108.2736268	-21.13758981
191.0931835	-7.697423349	108.1114562	-21.15885929
191.0330647	-7.77986005	107.9493298	-21.17981163
190.972451	-7.862657098	107.7872869	-21.20045193
190.9113696	-7.945809151	107.6253667	-21.220786
190.8498479	-8.029311481	107.4636082	-21.24082021
190.7879131	-8.113159883	107.3020504	-21.26056139
190.7255924	-8.197350571	107.140732	-21.28001661
190.6629131	-8.281880047	106.9796916	-21.299193
190.5998871	-8.366744973	106.8189455	-21.31809754
190.5364922	-8.451942016	106.6584614	-21.33673686
190.4727017	-8.537467708	106.4982009	-21.355117
190.4084888	-8.623318304	106.3381256	-21.3732432
190.3438269	-8.70948966	106.1781973	-21.39111977
190.2786892	-8.795977121	106.0183782	-21.40874988
190.2130491	-8.882775423	105.8586306	-21.42613545
190.1468798	-8.969878603	105.698917	-21.44327705
190.0801546	-9.057279931	105.5392002	-21.46017375
190.0128469	-9.144971841	105.379443	-21.4768231
189.9449298	-9.23294589	105.2196087	-21.49322105
189.8763768	-9.321192715	105.0596605	-21.50936193
189.807161	-9.409702015	104.899562	-21.5252384
189.7372559	-9.49846254	104.7392768	-21.5408415
189.6666346	-9.587462089	104.578769	-21.55616064
189.5952705	-9.676687531	104.4180027	-21.57118366
189.5231369	-9.766124829	104.256942	-21.58589689
189.4502071	-9.855759083	104.0955516	-21.60028526
189.3764544	-9.945574583	103.9337961	-21.61433234
189.3018522	-10.03555488	103.7716403	-21.62802055
189.2263737	-10.12568285	103.6090494	-21.64133121
189.1499925	-10.21594082	103.4459887	-21.65424479
189.0726936	-10.30631064	103.2824433	-21.66674103
188.994489	-10.39677381	103.1184432	-21.67879916
188.9153943	-10.48731161	102.9540239	-21.69039808
188.8354252	-10.5779052	102.7892208	-21.70151655
188.7545974	-10.66853569	102.6240689	-21.71213335
188.6729268	-10.75918429	102.4586027	-21.72222743
188.5904292	-10.84983237	102.2928565	-21.73177802
188.5071204	-10.94046151	102.1268642	-21.74076476
188.4230164	-11.03105359	101.9606594	-21.74916781
188.3381332	-11.12159088	101.7942752	-21.75696791
188.2524867	-11.21205603	101.6277447	-21.76414647
188.1660932	-11.30243217	101.4611004	-21.77068559
188.0789687	-11.39270289	101.2943747	-21.77656815
187.9911294	-11.48285234	101.1275996	-21.78177779
187.9025915	-11.57286517	100.9608069	-21.78629894
187.8133714	-11.66272661	100.7940279	-21.79011683
187.7234855	-11.75242242	100.627294	-21.79321742
187.6329501	-11.84193894	100.4606361	-21.79558746
187.5417817	-11.93126301	100.2940848	-21.79721435
187.4499968	-12.02038202	100.1276707	-21.79808615
187.357612	-12.10928383	99.96142398	-21.79819149
187.2646438	-12.19795678	99.79537448	-21.79751947
187.1711007	-12.28638961	99.62953521	-21.7960596
187.0769783	-12.37457141	99.46389241	-21.79380166
186.982271	-12.46249162	99.29843023	-21.79073564
186.8869731	-12.55013992	99.1331333	-21.78685163
186.7910791	-12.63750625	98.96798664	-21.78213975
186.6945836	-12.72458073	98.80297572	-21.77659006
186.5974811	-12.81135364	98.6380864	-21.77019255
186.4997665	-12.89781541	98.47330499	-21.76293705
186.4014342	-12.98395654	98.30861814	-21.75481323
186.3024792	-13.06976766	98.14401295	-21.74581054
186.2028964	-13.15523943	97.97947686	-21.73591824
186.1026805	-13.2403626	97.81499773	-21.72512536
186.0018267	-13.32512793	97.65056376	-21.71342071
185.9003299	-13.40952624	97.48616354	-21.70079294
185.7981853	-13.4935484	97.32178602	-21.68723051
185.6953882	-13.5771853	97.15742049	-21.67272172
185.5919337	-13.66042788	96.99305662	-21.65725483
185.4878172	-13.74326715	96.82868439	-21.64081803
185.3830342	-13.82569419	96.66429415	-21.62339955
185.2775802	-13.90770016	96.49987656	-21.60498771
185.1714507	-13.98927636	96.33542264	-21.58557101
185.0646415	-14.0704142	96.17092386	-21.56513823
184.9571538	-14.15110527	96.00638416	-21.54367849
184.8489972	-14.23134139	95.84182779	-21.5211814
184.7401824	-14.31111456	95.67728086	-21.49763711
184.6307199	-14.3904171	95.51276928	-21.47303644
184.52062	-14.46924159	95.34831885	-21.44737093
184.4098931	-14.54758091	95.1839552	-21.42063295
184.2985494	-14.62542827	95.0197038	-21.39281571
184.1865989	-14.70277725	94.85558999	-21.36391336
184.0740515	-14.77962175	94.69163894	-21.33392102
183.9609172	-14.85595603	94.52787564	-21.30283479
183.8472057	-14.93177474	94.36432495	-21.27065182
183.7329267	-15.00707286	94.20101155	-21.23737031
183.6180895	-15.08184576	94.03795997	-21.2029895
183.5027038	-15.15608916	93.87519457	-21.16750971
183.3867786	-15.22979914	93.71273953	-21.1309323
183.2703231	-15.30297211	93.55061887	-21.09325968
183.1533465	-15.37560483	93.38885647	-21.05449526
183.0358575	-15.44769434	93.22747599	-21.01464344
182.917865	-15.51923801	93.06650095	-20.97370957
182.7993776	-15.59023347	92.90595471	-20.93169989
182.6804037	-15.66067861	92.74586043	-20.88862148
182.5609517	-15.73057154	92.58624102	-20.8444822
182.4410264	-15.7999106	92.4271109	-20.79929063
182.3206263	-15.86869427	92.26847014	-20.75305596
182.1997497	-15.93692118	92.11031742	-20.70578796
182.0783947	-16.00459012	91.95265143	-20.65749688
181.9565595	-16.07169995	91.79547092	-20.60819337
181.8342427	-16.13824961	91.63877466	-20.55788848
181.7114424	-16.20423814	91.48256144	-20.50659351
181.5881574	-16.26966462	91.32683013	-20.45432004
181.464386	-16.33452818	91.17157962	-20.40107985
181.340127	-16.398828	91.01680886	-20.34688485
181.2153791	-16.4625633	90.86251682	-20.2917471
181.090141	-16.52573335	90.70870257	-20.23567871
180.9644116	-16.58833745	90.5553652	-20.17869185
180.8381899	-16.65037496	90.40250387	-20.12079872
180.7114749	-16.7118453	90.25011782	-20.06201151
180.5842657	-16.77274797	90.09820633	-20.00234239
180.4565614	-16.83308253	89.94676877	-19.9418035
180.3283614	-16.89284868	89.79580456	-19.88040695
180.199665	-16.9520462	89.64531321	-19.81816475
180.0704716	-17.01067505	89.49529431	-19.75508891
180.0592192	-17.06873023	89.34574752	-19.69119135
179.8105922	-17.12618647	89.19667268	-19.62648394
179.6799102	-17.18301875	89.04807308	-19.5609785
179.5487449	-17.23922273	88.89995624	-19.49468683
179.4171067	-17.29479951	88.75233005	-19.42762068
179.2850061	-17.34975046	88.60520243	-19.35979178
179.1524536	-17.40407731	88.45858142	-19.29121187
179.0194598	-17.45778213	88.31247508	-19.22189265
178.8860352	-17.51086739	88.16689156	-19.15184584
178.7521907	-17.56333591	88.02183906	-19.08108316
178.6179368	-17.61519096	87.87732585	-19.00961631
178.4832843	-17.66643617	87.73336025	-18.93745703
178.348244	-17.71707562	87.58995061	-18.86461704
178.2128267	-17.76711379	87.44710537	-18.79110806
178.0770433	-17.81655559	87.30483298	-18.71694182
177.9409045	-17.86540632	87.16314196	-18.64213004
177.8044215	-17.9136717	87.02204086	-18.56668442
177.6676051	-17.96135784	86.88153825	-18.49061663
177.5304663	-18.00847123	86.74164278	-18.41393833
177.3930163	-18.05501873	86.60236308	-18.33666109
177.2552659	-18.10100752	86.46370784	-18.25879644
177.1172264	-18.14644512	86.32568577	-18.18035584
176.9789088	-18.19133932	86.1883056	-18.10135061
176.8403242	-18.23569818	86.05157591	-18.02179199
176.7014775	-18.27952996	85.91549941	-17.94169103
176.5623659	-18.32284314	85.78007118	-17.86105864
176.4229859	-18.36564631	85.64528581	-17.77990552
176.2833342	-18.40794821	85.51113787	-17.69824217
176.1434075	-18.44975765	85.37762193	-17.61607884
176.0032023	-18.4910835	85.24473254	-17.53342558
175.8627154	-18.5319347	85.11246427	-17.45029219
175.7219433	-18.57232019	84.98081164	-17.36668823
175.5808827	-18.61224892	84.84976921	-17.28262304
175.4395302	-18.65172987	84.7193315	-17.19810574
175.2978824	-18.69077199	84.58949304	-17.11314525
175.1559361	-18.72938422	84.46024838	-17.02775033
175.0136878	-18.76757552	84.33159202	-16.94192955
174.8711343	-18.80535481	84.20351851	-16.85569138
174.7282721	-18.84273105	84.07602237	-16.76904418
174.5850979	-18.87971319	83.94909814	-16.68199628
174.4416085	-18.91631022	83.82274034	-16.59455598
174.2978004	-18.95253116	83.69694352	-16.50673162
174.1536704	-18.9883851	83.57170222	-16.41853164
174.0092152	-19.02388124	83.44701099	-16.32996461
173.8644314	-19.05902887	83.32286439	-16.24103931
173.719316	-19.09383744	83.1992573	-16.1517648
173.573875	-19.12831657	83.07619725	-16.06215045
173.4281261	-19.16247609	82.95370827	-15.97220607
173.2820875	-19.19632608	82.83181513	-15.88194192
173.135777	-19.22987686	82.71054223	-15.79136877
172.9892118	-19.26313904	82.58991356	-15.70049797
172.8424089	-19.29612349	82.46995275	-15.60934144
172.6953849	-19.32884137	82.35068301	-15.51791172
172.5481558	-19.36130409	82.23212719	-15.42622194
172.4007374	-19.3935233	82.11430772	-15.33428586
172.2531449	-19.42551088	81.99724667	-15.24211781
172.1053932	-19.4572789	81.88096568	-15.14973269
171.9574967	-19.48883955	81.76548603	-15.05714595
171.8094695	-19.52020515	81.65082861	-14.9643735
171.661325	-19.55138805	81.5370139	-14.87143168
171.5130766	-19.5824006	81.424062	-14.77833719
171.364737	-19.61325506	81.31199263	-14.68510702
171.2163184	-19.64396356	81.20082512	-14.59175835
171.0678328	-19.67453799	81.09057842	-14.49830846
170.9192916	-19.70498994	80.98127108	-14.40477464
170.7707059	-19.7353306	80.87292128	-14.31117404
170.6220863	-19.76557066	80.76554683	-14.21752358
170.4734424	-19.79572025	80.65916436	-14.1238398
170.3247722	-19.82578878	80.55377352	-14.03013874
170.1760628	-19.85578488	80.44935812	-13.93643576
170.0273014	-19.88571627	80.34590167	-13.84274542
169.8784753	-19.91558968	80.24338805	-13.74908137
169.7295725	-19.94541078	80.14180155	-13.65545617
169.5805811	-19.97518405	80.0411268	-13.56188123
169.4314898	-20.00491276	79.9413488	-13.46836667
169.2822875	-20.03459887	79.84245294	-13.37492122
169.1329637	-20.06424297	79.74442497	-13.28155216
168.9835081	-20.09384422	79.64725099	-13.18826517
168.8339108	-20.12340034	79.55091748	-13.09506432
168.6841624	-20.1529075	79.4554113	-13.00195194
168.5342537	-20.18236032	79.36071965	-12.90892861
168.3841762	-20.21175184	79.26683011	-12.81599305
168.2339213	-20.24107345	79.17373063	-12.7231421
168.0834813	-20.27031492	79.08140951	-12.63037064
167.9328486	-20.29946433	78.98985542	-12.5376716
167.782016	-20.32850808	78.89905739	-12.44503587
167.6309768	-20.35743085	78.80900484	-12.35245231
167.4797247	-20.38621563	78.71968753	-12.2599077
167.3282537	-20.41484369	78.63109559	-12.16738673
167.1765579	-20.44329458	78.54321916	-12.07487199
167.0246253	-20.47154613	78.45604078	-11.98234394
166.8724373	-20.49957449	78.36953518	-11.88978096
166.7199752	-20.52735408	78.28367663	-11.79715928
166.56722	-20.5548577	78.19843931	-11.70445306
166.4141527	-20.58205649	78.11379724	-11.61163443
166.2607542	-20.60892004	78.02972435	-11.51867349
166.1070052	-20.63541642	77.94619444	-11.42553842
165.9528867	-20.66151224	77.8631812	-11.33219554
165.7983792	-20.68717276	77.78065821	-11.2386094
165.6434633	-20.71236197	77.69859891	-11.14474287
165.4881196	-20.7370427	77.61697665	-11.05055731
165.3323285	-20.76117673	77.53576465	-10.95601266
165.1760704	-20.78472492	77.45493603	-10.8610676
165.0193257	-20.80764738	77.37446378	-10.76567972
164.8620746	-20.82990357	77.29432081	-10.66980572
164.7042973	-20.85145251	77.21447988	-10.57340158
164.5459739	-20.87225296	77.13491367	-10.47642277
164.3870846	-20.89226359	77.05559473	-10.37882452
164.2276093	-20.91144321	76.97649553	-10.28056202
164.0675281	-20.92975095	76.8975884	-10.18159071
163.9068208	-20.94714655	76.81884559	-10.08186655
163.7454685	-20.96359056	76.74024064	-9.981346319
163.5834786	-20.97904464	76.6617806	-9.879987923
163.4208856	-20.99347177	76.58350644	-9.777750723
163.257725	-21.00683657	76.50546068	-9.674595838
163.0940322	-21.01910552	76.42768579	-9.570486445
162.9298424	-21.03024717	76.35022423	-9.465388049
162.765191	-21.04023239	76.27311842	-9.359268748
162.6001128	-21.04903457	76.19641077	-9.252099468
162.4346428	-21.05662981	76.12014365	-9.143854186
162.2688158	-21.06299708	76.04435941	-9.034510135
162.1026666	-21.0681184	75.96910037	-8.924047991
161.9362296	-21.071979	75.89440879	-8.812452036
161.7695392	-21.07456742	75.82032693	-8.69971032
161.6026297	-21.0758757	75.74689698	-8.585814783
161.4355352	-21.07589941	75.67416111	-8.470761379
161.2682896	-21.07463783	75.60216144	-8.354550172
161.1009268	-21.07209397	75.53094006	-8.23718542
160.9334804	-21.0682747	75.46053901	-8.118675636
160.7659839	-21.06319077	75.39100027	-7.99903364
160.5984706	-21.05685688	75.32236579	-7.878276582
160.4309737	-21.04929172	75.25467749	-7.756425963
160.2635262	-21.04051797	75.18797721	-7.633507624
160.0961607	-21.03056236	75.12230618	-7.509551727
159.928908	-21.01945562	75.05769706	-7.384592714
159.7617964	-21.00723248	74.99417565	-7.258669257
159.5948536	-20.99393169	74.93176666	-7.131824187
159.4281065	-20.97959594	74.87049388	-7.004104424
159.2615812	-20.96427183	74.81038016	-6.87556089
159.0953028	-20.94800982	74.75144742	-6.746248419
158.9292956	-20.93086419	74.69371664	-6.616225655
158.7635834	-20.91289294	74.63720788	-6.485554943
158.5981888	-20.8941577	74.58194026	-6.35430221
158.4331338	-20.87472371	74.52793199	-6.222536847
158.2684396	-20.85465964	74.47520032	-6.090331569
158.1041265	-20.83403752	74.42376162	-5.957762284
157.9402142	-20.81293267	74.37363131	-5.824907939
157.7767214	-20.79142349	74.32482391	-5.691850377
157.6136662	-20.7695914	74.27735302	-5.558674167
157.4510658	-20.74752069	74.23123133	-5.425466445
157.2889368	-20.72529834	74.18647065	-5.292316742
157.1272948	-20.7030139	74.14308187	-5.159316802
156.9661551	-20.68075935	74.101075	-5.026560399
156.8055317	-20.65862885	74.06045917	-4.894143146
156.6454384	-20.63671866	74.02124261	-4.762162302
156.4858882	-20.61512689	73.98343285	-4.630716564
156.3268998	-20.59395334	73.94703872	-4.499905863
156.1684955	-20.57329928	73.91207012	-4.369831148
156.0106976	-20.55326724	73.87853658	-4.240594163
155.8535276	-20.53396081	73.84644719	-4.112297219
155.697007	-20.51548434	73.81581068	-3.985042958
155.5411565	-20.49794276	73.78663537	-3.8589341
155.3859968	-20.48144123	73.75892919	-3.734073197
155.2315478	-20.46608494	73.73269972	-3.610562361
155.0778294	-20.45197874	73.70795418	-3.488503
154.9248608	-20.43922686	73.68469945	-3.36799553
154.7726612	-20.42793259	73.66294209	-3.249139087
154.6212492	-20.41819792	73.64268831	-3.132031228
154.4706431	-20.41012319	73.62394406	-3.016767615
154.320861	-20.40380669	73.60671497	-2.903441704
154.1719206	-20.39934432	73.5910064	-2.792144404
154.0238394	-20.39682914	73.57682345	-2.682963746
153.8766344	-20.39635097	73.56417096	-2.575984524
153.7303226	-20.39799593	73.55305356	-2.471287936
153.5849207	-20.40184599	73.54347564	-2.368951209
153.4404449	-20.40797853	73.53544138	-2.269047215
153.2969115	-20.4164658	73.5289548	-2.171644074
153.154331	-20.42737442	73.52401532	-2.076804747
153.0126299	-20.4407649	73.5205562	-1.984586619
152.8716724	-20.45669109	73.51846186	-1.895041092
152.7313245	-20.47519972	73.51761958	-1.808213213
152.5914561	-20.49632998	73.51792076	-1.724141352
152.4519408	-20.52011317	73.51926093	-1.642856913
152.3126556	-20.54657243	73.52153967	-1.564384108
152.1734815	-20.57572243	73.52466063	-1.488739759
152.0343029	-20.60756925	73.52853157	-1.415933146
151.8950082	-20.64211018	73.53306431	-1.34596589
151.7554891	-20.67933365	73.53817486	-1.278831877
151.6156414	-20.71921919	73.54378344	-1.214517208
151.4753647	-20.76173741	73.54981454	-1.153000184
151.3345625	-20.80685004	73.55619705	-1.094251323
151.1931424	-20.85451004	73.56286435	-1.038233397
151.051016	-20.90466167	73.56975441	-0.9849015
150.9080994	-20.95724068	73.57680994	-0.934203137
150.7643129	-21.01217449	73.5839785	-0.886078332
150.6195815	-21.0693824	73.59121271	-0.840459752
150.4738349	-21.12877589	73.5984703	-0.797272855
150.3270074	-21.19025883	73.60571439	-0.756436042
150.1790387	-21.25372785	73.61291357	-0.717860822
150.0298758	-21.31907266	73.62004105	-0.681451995
149.879492	-21.38617637	73.62706383	-0.647107824
149.7278721	-21.4549159	73.63394134	-0.614720232
149.5749977	-21.52516234	73.64062939	-0.584174999
149.4208472	-21.59678132	73.64708021	-0.555351978
149.2653956	-21.66963338	73.65324235	-0.528125323
149.1086147	-21.74357437	73.65906064	-0.502363743
148.9504729	-21.81845586	73.66447611	-0.477930772
148.7909349	-21.8941255	73.66942596	-0.454685061
148.6299621	-21.97042749	73.67384348	-0.432480703
148.4675123	-22.047203	73.67765801	-0.411167583
148.3035397	-22.12429061	73.68079489	-0.390591758
148.1379948	-22.20152679	73.68317536	-0.370595875
147.9708244	-22.27874642	73.68471656	-0.351019623
147.8019715	-22.35578331	73.68533141	-0.331700224
147.6313752	-22.43247071	73.68492857	-0.312472969
147.4589707	-22.50864196	73.68341238	-0.293171801
147.2846894	-22.58413107	73.68068273	-0.273629938
147.1084583	-22.65877338	73.67663504	-0.253680554
146.9302005	-22.73240628	73.67116014	-0.233157514
146.7498347	-22.80486989	73.66414416	-0.211896162
146.5672752	-22.87600791	73.65546845	-0.189734172
146.3824478	-22.9456684	73.64502761	-0.166512459
146.1954339	-23.01370469	73.63289558	-0.142076149
146.0064065	-23.0799762	73.61925118	-0.116275548
145.8155382	-23.14434929	73.60427364	-0.088967068
145.6230012	-23.20669801	73.58814125	-0.060014064
145.4289664	-23.26690472	73.57103147	-0.029287585
145.2336039	-23.32486068	73.55312087	0.003332957
145.0370829	-23.38046657	73.5345852	0.037959208
144.839572	-23.43363286	73.51559942	0.074693374
144.6412386	-23.48428018	73.49633769	0.113627803
144.4422495	-23.53233959	73.47697338	0.154844659
144.2427706	-23.57775273	73.45767913	0.198415661
144.0429672	-23.62047196	73.43862684	0.244401924
143.8430037	-23.66046035	73.41998772	0.292853858
143.6430438	-23.6976917	73.40193227	0.343811163
143.4432504	-23.73215037	73.38463032	0.397302897
143.243786	-23.76383112	73.36825106	0.453347616
143.0448122	-23.79273881	73.35296307	0.511953606
142.84649	-23.81888812	73.33893433	0.573119177
142.6489799	-23.84230309	73.32633224	0.636833047
142.4524417	-23.86301667	73.31532368	0.703074794
142.2570347	-23.88107013	73.30607502	0.771815389
142.0629063	-23.89651249	73.29873997	0.843017805
141.8700816	-23.90939977	73.2933443	0.916637689
141.6785144	-23.9197943	73.28983858	0.992624075
141.4881586	-23.92776401	73.28817384	1.070920082
141.2989691	-23.93338176	73.28830255	1.15146358
141.1109023	-23.93672465	73.29017864	1.23418783
140.9239156	-23.93787345	73.29375742	1.319022075
140.7379675	-23.93691199	73.29899563	1.40589212
140.5530178	-23.93392661	73.30585136	1.494720859
140.3690271	-23.92900566	73.3142841	1.58542879
140.1859574	-23.92223895	73.32425464	1.677934492
140.0037715	-23.91371737	73.33572514	1.772155073
139.8224335	-23.90353234	73.34865906	1.868006595
139.6419084	-23.89177548	73.36302116	1.965404472
139.4621622	-23.8785382	73.37877751	2.064263842
139.283162	-23.8639113	73.39589545	2.164499915
139.1048757	-23.84798465	73.41434361	2.2660283
138.9272726	-23.8308469	73.43409187	2.368765305
138.7503225	-23.81258513	73.45511137	2.472628224
138.5739965	-23.79328458	73.47737452	2.577535596
138.3982665	-23.77302843	73.50085495	2.68340745
138.2231055	-23.75189751	73.52552754	2.79016553
138.0484864	-23.72997012	73.55136787	2.897733502
137.8743769	-23.70732178	73.57834864	3.006037148
137.7007419	-23.68402509	73.60644099	3.115004537
137.5275465	-23.66014954	73.63561587	3.224566188
137.3547557	-23.63576137	73.66584407	3.334655205
137.1823343	-23.61092342	73.69709622	3.445207403
137.0102472	-23.58569509	73.72934277	3.556161413
136.8384593	-23.56013218	73.76255402	3.667458767
136.6669353	-23.53428687	73.79670009	3.779043973
136.4956401	-23.50820768	73.83175094	3.89086457
136.3245384	-23.4819394	73.86767635	4.002871163
136.1535948	-23.45552312	73.90444594	4.115017445
135.9827741	-23.42899625	73.94202916	4.227260204
135.8120408	-23.40239252	73.9803953	4.33955931
135.6413596	-23.37574204	74.01951345	4.451877688
135.470695	-23.34907137	74.05935254	4.564181273
135.3000117	-23.32240363	74.09988135	4.676438953
135.1292741	-23.29575857	74.14106845	4.788622489
134.9584468	-23.2691527	74.18288226	4.900706425
134.7874941	-23.24259945	74.225291	5.012667981
134.6163807	-23.21610932	74.26826272	5.124486926
134.4450708	-23.18969007	74.31176531	5.236145441
134.2735341	-23.16334689	74.355771	5.347627961
134.101777	-23.13708263	74.4002848	5.458921006
133.9298223	-23.11089801	74.44532623	5.570013005
133.7576924	-23.08479185	74.49091488	5.680894133
133.5854099	-23.05876124	74.53707038	5.791556146
133.4129972	-23.03280176	74.5838124	5.901992237
133.2404764	-23.00690762	74.63116062	6.0121969
133.0678696	-22.98107184	74.67913477	6.122165805
132.8951986	-22.95528642	74.7277546	6.231895682
132.7224854	-22.92954245	74.77703988	6.34138422
132.5497514	-22.90383027	74.82701042	6.450629976
132.3770182	-22.87813956	74.87768606	6.559632291
132.2043071	-22.85245944	74.92908668	6.668391225
132.0316393	-22.82677861	74.98123218	6.776907495
131.8590358	-22.8010854	75.03414248	6.885182432
131.6865175	-22.77536784	75.08783755	6.993217943
131.5141051	-22.74961373	75.14233739	7.101016488
131.3418193	-22.7238107	75.19766202	7.208581064
131.1696804	-22.69794625	75.25383152	7.315915211
130.9977088	-22.67200777	75.31086599	7.423023012
130.8259246	-22.64598255	75.36878555	7.529909121
130.6543477	-22.61985782	75.42761037	7.636578792
130.482996	-22.59362074	75.48735549	7.743037925
130.3118713	-22.56725838	75.54799719	7.849293114
130.1409686	-22.54075771	75.60949458	7.9553517
129.9702835	-22.51410559	75.6718072	8.061221805
129.7998118	-22.48728878	75.73489513	8.16691235
129.6295497	-22.46029389	75.79871897	8.272433045
129.4594939	-22.43310741	75.86323988	8.377794375
129.2896415	-22.40571571	75.92841956	8.483007545
129.1199898	-22.37810502	75.99422024	8.588084428
128.9505368	-22.35026143	76.06060475	8.693037474
128.7812807	-22.32217093	76.12753646	8.797879616
128.6122201	-22.29381938	76.1949793	8.902624143
128.4433542	-22.26519255	76.2628978	9.007284572
128.2746823	-22.23627609	76.33125706	9.111874482
128.1062043	-22.20705557	76.40002277	9.216407346
127.9379204	-22.17751651	76.4691612	9.320896337
127.7698314	-22.14764436	76.53863925	9.425354122
127.6019382	-22.11742451	76.60842441	9.529792632
127.4342423	-22.08684236	76.67848476	9.634222819
127.2667455	-22.05588327	76.74878902	9.7386544
127.0994501	-22.02453263	76.81930653	9.843095578
126.9323587	-21.99277584	76.89000724	9.947552752
126.7654738	-21.96059836	76.96087543	10.05203021
126.5987959	-21.92798571	77.03196609	10.1565298
126.4323246	-21.89492347	77.10335689	10.26105065
126.26606	-21.86139737	77.17512567	10.36558888
126.1000021	-21.82739323	77.24735038	10.47013735
125.9341514	-21.79289703	77.32010913	10.5746855
125.7685082	-21.75789493	77.3934801	10.67921917
125.6030733	-21.7223733	77.4675416	10.78372049
125.4378475	-21.68631876	77.54237202	10.8881678
125.272832	-21.64971816	77.61804982	10.99253565
125.1080279	-21.61255867	77.69465354	11.09679477
124.9434366	-21.57482782	77.77226177	11.20091214
124.7790598	-21.53651348	77.85095312	11.30485106
124.6148993	-21.49760393	77.93080626	11.40857131
124.4509569	-21.45808792	78.01189984	11.51202931
124.2872349	-21.41795467	78.09431252	11.61517833
124.1237356	-21.37719394	78.17812293	11.71796874
123.9604615	-21.33579606	78.26340968	11.82034833
123.7974152	-21.29375197	78.3502513	11.92226263
123.6345997	-21.25105328	78.43872625	12.02365532
123.472018	-21.20769232	78.52891291	12.12446861
123.3096733	-21.16366216	78.62088952	12.22464375
123.1475711	-21.11895669	78.71471442	12.32412153
122.9857278	-21.07357063	78.81034111	12.42284281
122.8241635	-21.02749963	78.90768865	12.52074907
122.6628986	-20.98074026	79.00667626	12.61778294
122.5019535	-20.93329005	79.10722335	12.71388871
122.3413487	-20.88514754	79.20924957	12.80901273
122.181105	-20.83631228	79.31267481	12.90310383
122.0212432	-20.78678481	79.41741921	12.99611375
121.8617843	-20.73656672	79.52340319	13.08799738
121.7027493	-20.68566058	79.6305475	13.17871313
121.5441594	-20.63406995	79.73877319	13.26822317
121.386036	-20.58179938	79.84800167	13.35649363
121.2284005	-20.52885431	79.95815469	13.44349482
121.0712743	-20.47524111	80.06915442	13.52920139
120.9146792	-20.42096697	80.18092343	13.61359239
120.7586368	-20.36603986	80.2933847	13.69665142
120.603169	-20.31046846	80.40646167	13.77836662
120.4482978	-20.2542621	80.52007825	13.85873075
120.294045	-20.19743065	80.63415883	13.93774107
120.1404328	-20.13998445	80.7486283	14.0153994
119.9874834	-20.08193417	80.86341208	14.09171193
119.8352189	-20.02329075	80.9784361	14.16668915
119.6836567	-19.96406525	81.0936344	14.24034568
119.5327871	-19.9042687	81.20898254	14.3127001
119.3825911	-19.84391204	81.32447001	14.38377473
119.2330499	-19.78300592	81.44008612	14.4535954
119.0841445	-19.72156066	81.55582001	14.52219131
118.9358561	-19.65958611	81.67166062	14.58959473
118.7881661	-19.5970916	81.78759672	14.65584086
118.6410557	-19.53408584	81.90361692	14.72096758
118.4945063	-19.47057688	82.01970963	14.78501525
118.3484993	-19.40657207	82.13586311	14.8480265
118.2030163	-19.34207798	82.25206545	14.91004597
118.0580388	-19.27710043	82.36830458	14.97112017
117.9135485	-19.21164445	82.48456825	15.03129717
117.7695271	-19.14571427	82.60084407	15.09062646
117.6259563	-19.07931335	82.71711948	15.14915863
117.4828182	-19.01244439	82.83338179	15.20694525
117.3400947	-18.94510936	82.94961814	15.26403853
117.1977677	-18.87730955	83.06581553	15.32049115
117.0558196	-18.80904561	83.18196081	15.37635599
116.9142324	-18.74031764	83.2980407	15.43168592
116.7729886	-18.67112526	83.41404179	15.48653348
116.6320706	-18.60146767	83.5299505	15.5409507
116.4914672	-18.53134379	83.64576263	15.59498879
116.3511918	-18.46075233	83.76150975	15.64869792
116.2112628	-18.38969193	83.87723168	15.70212692
116.0716984	-18.31816123	83.99296797	15.75532309
115.9325166	-18.246159	84.10875785	15.80833196
115.7937347	-18.1736842	84.22464026	15.86119711
115.6553698	-18.10073607	84.34065385	15.91395998
115.5174387	-18.0273142	84.45683693	15.96665975
115.3799577	-17.9534186	84.57322753	16.01933321
115.2429429	-17.87904978	84.68986334	16.07201462
115.1064097	-17.80420875	84.80678174	16.12473563
114.9703735	-17.72889713	84.92401977	16.17752523
114.8348492	-17.65311713	85.04161416	16.23040968
114.6998512	-17.57687165	85.15960132	16.28341249
114.5653937	-17.50016423	85.2780173	16.33655439
114.4314905	-17.42299916	85.39689784	16.38985334
114.2981551	-17.34538144	85.51627834	16.44332458
114.1654004	-17.26731679	85.63619386	16.49698061
114.0332393	-17.1888117	85.75667913	16.55083133
113.9016841	-17.1098734	85.87776853	16.60488401
113.7707468	-17.03050986	85.99949611	16.6591435
113.6404392	-16.9507298	86.12189558	16.71361225
113.5107707	-16.87054265	86.24499198	16.76829046
113.3817439	-16.78995859	86.36877759	16.82317625
113.2533594	-16.70898845	86.49323695	16.87826577
113.1256179	-16.62764377	86.6183549	16.93355333
112.9985205	-16.54593676	86.74411662	16.98903157
112.8720681	-16.46388028	86.87050759	17.04469152
112.7462618	-16.38148781	86.9975136	17.10052277
112.6211027	-16.29877349	87.12512077	17.15651354
112.496592	-16.21575205	87.25331553	17.21265079
112.372731	-16.13243885	87.38208466	17.2689203
112.2495212	-16.04884983	87.51141523	17.32530675
112.1269641	-15.96500153	87.64129467	17.3817938
112.005061	-15.88091105	87.77171071	17.43836415
111.8838138	-15.79659608	87.90265143	17.49499959
111.763224	-15.71207486	88.03410524	17.55168109
111.6432935	-15.62736618	88.16606086	17.60838879
111.5240241	-15.54248939	88.29850737	17.66510209
111.4054177	-15.45746435	88.43143418	17.72179966
111.2874763	-15.37231145	88.56483104	17.77845947
111.170202	-15.28705161	88.69868801	17.83505881
111.0535968	-15.20170624	88.83299551	17.89157433
110.937663	-15.11629726	88.96774431	17.94798203
110.822404	-15.03084703	89.10292983	18.00425727
110.707828	-14.94537843	89.23856509	18.0603748
110.5939441	-14.85991477	89.37466711	18.11630874
110.4807613	-14.77447978	89.51125246	18.17203261
110.3682884	-14.68909761	89.64833722	18.22751937
110.256534	-14.60379279	89.78593701	18.28274143
110.1455066	-14.51859019	89.92406696	18.3376707
110.0352143	-14.43351497	90.06274177	18.39227867
109.9256653	-14.34859258	90.20197565	18.44653644
109.8168674	-14.26384864	90.34178237	18.50041481
109.7088284	-14.17930897	90.48217523	18.55388434
109.6015558	-14.09499945	90.6231671	18.60691546
109.495057	-14.01094604	90.76477037	18.65947858
109.3893393	-13.92717464	90.90699701	18.71154415
109.2844097	-13.84371105	91.04985855	18.76308279
109.1802751	-13.7605809	91.19336607	18.81406545
109.0769423	-13.67780954	91.33753021	18.86446348
108.9744178	-13.595422	91.4823612	18.91424881
108.8727083	-13.51344285	91.62786883	18.96339407
108.77182	-13.43189612	91.77406247	19.01187277
108.671759	-13.3508052	91.92095106	19.05965941
108.5725316	-13.27019276	92.06854311	19.10672971
108.4741367	-13.19008058	92.21683555	19.15306074
108.376555	-13.11048949	92.3657934	19.1986311
108.2797633	-13.03143923	92.51537617	19.24342113
108.1837388	-12.95294836	92.66554333	19.28741299
108.088459	-12.87503418	92.81625437	19.33059089
107.9939009	-12.7977126	92.9674688	19.37294112
107.9000422	-12.72099812	93.11914612	19.41445222
107.8068602	-12.64490374	93.27124583	19.45511502
107.7143325	-12.56944089	93.42372748	19.49492274
107.6224368	-12.49461945	93.57655059	19.533871
107.5311508	-12.4204476	93.72967474	19.57195789
107.4404521	-12.34693192	93.88305951	19.60918396
107.3503188	-12.27407727	94.0366645	19.64555221
107.2607287	-12.20188684	94.19044935	19.68106809
107.1716597	-12.13036212	94.34437372	19.71573946
107.08309	-12.05950293	94.4983973	19.74957651
106.9949977	-11.9893074	94.65247982	19.78259171
106.9073609	-11.91977205	94.80658105	19.81479967
106.8201578	-11.85089177	94.96066079	19.84621713
106.7333669	-11.78265991	95.11467889	19.87686271
106.6469664	-11.71506829	95.26859524	19.90675687
106.5609348	-11.64810729	95.42236979	19.93592167
106.4752545	-11.5817659	95.57597472	19.96438064
106.3899194	-11.51603182	95.72941767	19.99215856
106.3049255	-11.45089149	95.88271266	20.01928127
106.2202687	-11.38633025	96.03587371	20.04577551
106.1359453	-11.32233233	96.18891479	20.07166867
106.0519513	-11.25888102	96.34184984	20.09698869
105.968283	-11.19595867	96.49469278	20.12176388
105.8849368	-11.13354681	96.64745748	20.14602275
105.8019091	-11.07162623	96.80015778	20.16979388
105.7191961	-11.01017707	96.95280748	20.19310579
105.6367945	-10.94917885	97.10542032	20.21598682
105.5547007	-10.88861061	97.25800999	20.23846502
105.4729115	-10.82845094	97.41059013	20.260568
105.3914235	-10.76867809	97.56317434	20.28232292
105.3102333	-10.70927005	97.71577614	20.3037563
105.2293379	-10.6502046	97.86840898	20.32489403
105.1487341	-10.59145944	98.02108627	20.34576123
105.0684187	-10.53301221	98.17382134	20.36638224
104.9883888	-10.47484062	98.32662743	20.38678052
104.9086414	-10.4169225	98.47951772	20.40697863
104.8291735	-10.3592359	98.63250532	20.42699818
104.7499823	-10.30175918	98.78560324	20.44685981
104.6710687	-10.24447106	98.93882263	20.46658314
104.5924442	-10.18735073	99.09216932	20.48618677
104.5141225	-10.1303779	99.24564838	20.50568826
104.4361173	-10.07353291	99.39926515	20.52510414
104.3584424	-10.01679678	99.5530252	20.54444986
104.2811116	-9.960151233	99.70693438	20.56373984
104.2041387	-9.903578784	99.86099881	20.58298742
104.1275375	-9.847062765	100.0152248	20.6022049
104.0513219	-9.790587357	100.1696191	20.62140352
103.9755058	-9.734137622	100.3241885	20.6405935
103.9001031	-9.677699514	100.4789401	20.65978401
103.8251278	-9.621259896	100.6338814	20.67898323
103.750594	-9.564806544	100.78902	20.69819835
103.6765155	-9.508328139	100.9443639	20.71743561
103.6029065	-9.451814263	101.0999213	20.73670029
103.529781	-9.395255375	101.2557005	20.75599679
103.4571532	-9.338642793	101.4117103	20.77532865
103.3850371	-9.281968655	101.5679597	20.79469856
103.3134469	-9.225225888	101.7244578	20.81410848
103.2423968	-9.168408153	101.8812142	20.8335596
103.1719009	-9.111509801	102.0382386	20.85305247
103.1019734	-9.054525806	102.1955409	20.87258701
103.0326232	-8.997451701	102.3531267	20.89216261
102.9638475	-8.940283505	102.5109916	20.91177816
102.8956419	-8.883017652	102.6691302	20.93143218
102.8280021	-8.825650916	102.8275367	20.95112279
102.7609236	-8.768180343	102.9862054	20.97084789
102.6944017	-8.710603187	103.1451307	20.99060511
102.6284317	-8.65291684	103.3043068	21.01039195
102.5630087	-8.59511878	103.4637278	21.03020578
102.4981278	-8.537206505	103.6233881	21.05004391
102.4337841	-8.479177483	103.7832817	21.06990366
102.3699723	-8.421029098	103.9434028	21.08978236
102.3066873	-8.362758604	104.1037455	21.10967742
102.2439237	-8.304363073	104.2643039	21.12958638
102.1816762	-8.24583936	104.425072	21.14950689
102.1199392	-8.187184059	104.5860441	21.16943681
102.0587073	-8.128393469	104.747214	21.1893742
101.9979747	-8.069463561	104.9085758	21.20931736
101.9377358	-8.010389947	105.0701236	21.22926482
101.8779847	-7.951167861	105.2318514	21.24921543
101.8187156	-7.891792127	105.3937532	21.26916828
101.7599225	-7.83225715	105.5558231	21.28912282
101.7015994	-7.772556895	105.718055	21.30907876
101.6437408	-7.712684879	105.8804438	21.32903619
101.5863428	-7.652634163	106.0429859	21.34899548
101.5294018	-7.592397345	106.2056778	21.36895735
101.4729142	-7.531966564	106.3685158	21.38892285
101.4168764	-7.471333494	106.5314963	21.40889336
101.3612849	-7.410489355	106.6946152	21.42887057
101.3061364	-7.349424912	106.8578685	21.44885649
101.2514275	-7.28813049	107.021252	21.46885346
101.1971551	-7.226595979	107.1847613	21.48886409
101.1433158	-7.164810856	107.3483918	21.50889131
101.0899066	-7.102764193	107.512139	21.52893829
101.0369243	-7.040444684	107.6759979	21.54900848
100.9843661	-6.977840661	107.8399638	21.56910555
100.9322289	-6.914940121	108.0040313	21.58923341
100.8805099	-6.851730754	108.1681953	21.60939613
100.8292062	-6.788199971	108.3324504	21.62959794
100.7783151	-6.72433494	108.4967911	21.64984323
100.7278338	-6.660122614	108.6612115	21.67013646
100.6777598	-6.595549779	108.8257059	21.69048217
100.6280903	-6.530603087	108.9902684	21.71088489
100.5788229	-6.4652691	109.1548926	21.73134917
100.5299551	-6.399534343	109.3195725	21.75187944
100.4814887	-6.333385344	109.4843078	21.77248006
100.433435	-6.266808692	109.649112	21.79315518
100.3858065	-6.199791081	109.8140006	21.81390876
100.3386158	-6.132319355	109.9789883	21.83474447
100.2918754	-6.064380552	110.1440901	21.85566572
100.2455978	-5.995961932	110.3093204	21.87667558
100.1997954	-5.927051015	110.4746935	21.89777677
100.1544808	-5.857635601	110.6402234	21.91897168
100.1096664	-5.787703797	110.8059238	21.94026233
100.0653646	-5.717244028	110.9718083	21.96165038
100.0215878	-5.646245054	111.1378902	21.98313714
99.97834837	-5.574695976	111.3041826	22.00472361
99.93565877	-5.502586242	111.4706983	22.02641044
99.89353134	-5.429905644	111.6374499	22.04819802
99.85197846	-5.356644314	111.8044498	22.07008648
99.8110125	-5.282792717	111.9717102	22.09207576
99.77064581	-5.208341638	112.1392429	22.11416559
99.73089077	-5.13328216	112.3070597	22.13635562
99.69175973	-5.057605653	112.4751721	22.15864544
99.65326507	-4.981303737	112.6435913	22.18103464
99.61541916	-4.904368262	112.8123285	22.20352287
99.57823428	-4.826791273	112.9813943	22.22610995
99.54171575	-4.748564971	113.1507862	22.24879593
99.50585776	-4.669681674	113.320481	22.27158114
99.47065356	-4.590133788	113.4904533	22.2944663
99.4360965	-4.50991377	113.6606781	22.31745259
99.40218	-4.429014106	113.8311304	22.34054165
99.3688976	-4.347427293	114.0017851	22.36373565
99.33624291	-4.265145825	114.1726172	22.3870373
99.30420962	-4.182162192	114.343602	22.41044986
99.27279149	-4.098468873	114.5147145	22.43397714
99.24198236	-4.014058346	114.68593	22.45762347
99.21177615	-3.928923099	114.8572239	22.48139365
99.18216684	-3.843055648	115.0285715	22.50529295
99.15314846	-3.756448561	115.1999481	22.52932702
99.12471513	-3.669094487	115.3713294	22.55350181
99.096861	-3.580986193	115.5426907	22.57782351
99.06958029	-3.492116605	115.7140078	22.60229844
99.04286727	-3.402478854	115.8852562	22.62693292
99.01671626	-3.312066334	116.0564116	22.65173318
98.99112163	-3.220872759	116.2274499	22.67670518
98.96607777	-3.128892228	116.3983468	22.7018545
98.94157914	-3.0361193	116.5690781	22.72718614
98.91762034	-2.942549065	116.7396202	22.75270437
98.89420431	-2.848177237	116.9099689	22.7784125
98.87134776	-2.753000231	117.0801529	22.80431274
98.84906868	-2.657015253	117.2502042	22.83040597
98.82738506	-2.56022038	117.4201547	22.85669153
98.80631487	-2.462614629	117.5900366	22.88316715
98.78587605	-2.364198029	117.7598822	22.90982871
98.76608655	-2.264971681	117.9297239	22.93667016
98.74696431	-2.164937811	118.0995942	22.96368338
98.72852723	-2.06409982	118.2695258	22.99085811
98.71079325	-1.962462331	118.4395514	23.01818182
98.69378027	-1.860031218	118.6097039	23.0456397
98.67750621	-1.756813642	118.7800163	23.07321457
98.66198897	-1.652818076	118.9505217	23.10088687
98.64724647	-1.54805432	119.1212534	23.1286346
98.63329661	-1.442533515	119.2922446	23.15643338
98.62015732	-1.336268147	119.4635289	23.18425644
98.60784654	-1.229272051	119.6351398	23.21207463
98.59638219	-1.121560397	119.8071109	23.23985652
98.58578224	-1.013149683	119.9794761	23.26756841
98.57606466	-0.904057713	120.1522693	23.29517447
98.56724743	-0.794303569	120.3255245	23.32263682
98.55934851	-0.683907582	120.4992757	23.34991565
98.55238029	-0.572891287	120.6735398	23.37696936
98.54634566	-0.461277384	120.8483046	23.40375473
98.54124662	-0.349089687	121.0235548	23.43022704
98.53708517	-0.236353085	121.1992753	23.45634025
98.53386337	-0.123093491	121.3754507	23.48204715
98.53158324	-0.009337801	121.5520655	23.50729946
98.53024687	0.104886144	121.7291042	23.53204799
98.52985632	0.219549607	121.906551	23.55624275
98.53041369	0.334622987	122.0843903	23.57983308
98.53192107	0.450075867	122.2626063	23.60276776
98.53438056	0.565877046	122.4411829	23.6249951
98.53779426	0.681994584	122.6201041	23.64646308
98.54216429	0.798395836	122.7993538	23.66711939
98.54749274	0.915047494	122.9789158	23.68691158
98.55378171	1.031915623	123.1587736	23.70578708
98.56103329	1.1489657	123.338911	23.72369334
98.56924958	1.266162655	123.5193113	23.74057786
98.57843263	1.383470907	123.6999579	23.75638831
98.58858452	1.500854405	123.8808341	23.77107253
98.59970728	1.618276671	124.061923	23.78457865
98.61180293	1.735700835	124.2432078	23.79685511
98.62487342	1.853089682	124.4246714	23.80785072
98.63891847	1.970405694	124.6062997	23.81751474
98.65393509	2.087611093	124.7880815	23.82579687
98.6699201	2.204667882	124.9700061	23.83264736
98.68687031	2.321537888	125.1520622	23.83801698
98.70478253	2.438182807	125.3342385	23.84185712
98.72365355	2.554564236	125.5165236	23.84411984
98.74348018	2.670643719	125.6989058	23.84475786
98.76425918	2.786382779	125.8813732	23.84372465
98.78598735	2.901742964	126.0639139	23.84097447
98.80866145	3.016685877	126.2465157	23.83646238
98.83227825	3.131173219	126.4291662	23.83014434
98.85683452	3.245166822	126.6118531	23.82197722
98.88232703	3.35862869	126.7945635	23.81191884
98.90875254	3.471521036	126.9772848	23.79992805
98.93610783	3.583806318	127.1600041	23.78596475
98.96438964	3.695447281	127.3427082	23.76998997
98.99359477	3.806406995	127.5253839	23.75196587
99.02371997	3.916648895	127.7080179	23.73185586
99.05476202	4.026136823	127.8905966	23.70962457
99.0867177	4.13483507	128.0731066	23.685238
99.1195838	4.242708421	128.2555341	23.65866348
99.15335706	4.349722198	128.437865	23.6298698
99.18803209	4.455842309	128.6200825	23.59882722
99.22360086	4.561035296	128.8021657	23.56550757
99.26005515	4.66526838	128.9840938	23.52988426
99.29738674	4.76850951	129.1658459	23.49193237
99.33558742	4.870727412	129.3474011	23.45162871
99.37464899	4.971891633	129.5287388	23.40895185
99.41456325	5.071972586	129.7098383	23.36388217
99.45532202	5.170941601	129.8906791	23.31640192
99.49691711	5.268770967	130.0712407	23.26649528
99.53934035	5.365433982	130.2515026	23.21414839
99.58258358	5.460904994	130.4314446	23.1593494
99.62663864	5.555159456	130.6110462	23.10208851
99.6714974	5.648173964	130.7902875	23.04235802
99.71715172	5.739926315	130.9691482	22.9801524
99.76359348	5.830395548	131.1476083	22.91546828
99.81081458	5.919561995	131.3256478	22.84830453
99.85880694	6.007407336	131.5032468	22.77866227
99.90756246	6.093914644	131.6803856	22.70654498
99.9570731	6.17906844	131.8570444	22.63195844
100.0073308	6.262854745	132.0332034	22.55491086
100.0583275	6.345261139	132.2088432	22.47541285
100.1100551	6.42627681	132.383944	22.39347753
100.1624997	6.505892614	132.5584816	22.30912048
100.2156395	6.584101131	132.7324253	22.22235988
100.2694524	6.660896717	132.9057441	22.13321643
100.3239162	6.736275552	133.078407	22.04171348
100.3790083	6.810235679	133.250383	21.94787696
100.4347064	6.882777041	133.421641	21.85173547
100.4909879	6.95390151	133.5921499	21.75332021
100.5478302	7.023612907	133.7618784	21.65266506
100.6052103	7.091917024	133.9307955	21.54980647
100.6631055	7.15882163	134.0988698	21.44478354
100.7214928	7.224336477	134.2660701	21.33763794
100.7803491	7.288473297	134.4323651	21.22841391
100.8396513	7.351245795	134.5977232	21.11715816
100.899376	7.412669635	134.7621131	21.00391991
100.9594998	7.472762411	134.9255033	20.88875077
101.0199993	7.53154363	135.0878621	20.7717047
101.0808509	7.589034665	135.2491579	20.65283791
101.1420309	7.64525872	135.409359	20.53220883
101.2035154	7.700240776	135.5684336	20.40987796
101.2652805	7.754007539	135.7263498	20.28590781
101.3273022	7.806587368	135.8830756	20.16036277
101.3895567	7.858010209	136.0385798	20.03330899
101.4520279	7.908307513	136.1928451	19.90481426
101.514707	7.957512153	136.345868	19.77494786
101.5775853	8.00565833	136.4976456	19.64378042
101.6406545	8.052781495	136.6481745	19.51138381
101.7039061	8.098918253	136.7974518	19.37783098
101.7673318	8.144106277	136.9454742	19.24319586
101.830923	8.18838422	137.0922384	19.10755321
101.8946717	8.231791623	137.2377413	18.97097852
101.9585694	8.274368827	137.3819795	18.83354787
102.0226081	8.31615688	137.5249498	18.69533784
102.0867794	8.357197447	137.6666487	18.55642535
102.1510754	8.397532713	137.807073	18.41688761
102.215488	8.43720529	137.9462192	18.27680193
102.280009	8.476258123	138.0840839	18.13624567
102.3446306	8.51473439	138.2206637	17.99529611
102.4093448	8.552677403	138.3559553	17.8540303
102.4741438	8.590130505	138.4899551	17.71252503
102.5390197	8.627136971	138.6226597	17.57085661
102.6039648	8.663739901	138.7540656	17.42910084
102.6689713	8.699982108	138.8841695	17.28733288
102.7340316	8.735906016	139.0129679	17.1456271
102.7991386	8.771553539	139.1404577	17.00405697
102.8642952	8.806965973	139.2666473	16.862695
102.9295147	8.842183878	139.3915556	16.72161252
102.9948105	8.877246968	139.5152022	16.58087966
103.060196	8.912194012	139.6376067	16.44056518
103.1256847	8.947062735	139.7587884	16.30073643
103.1912901	8.981889733	139.878767	16.16145921
103.2570255	9.016710394	139.9975619	16.02279773
103.3229045	9.051558822	140.1151926	15.88481452
103.3889403	9.086467772	140.2316785	15.74757037
103.4551464	9.121468592	140.3470392	15.61112428
103.5215362	9.156591169	140.4612941	15.47553341
103.588123	9.191863885	140.5744626	15.34085304
103.6549201	9.227313574	140.6865641	15.20713651
103.721941	9.262965493	140.797618	15.07443524
103.7891988	9.298843294	140.9076438	14.94279865
103.8567068	9.334968999	141.0166607	14.81227421
103.9244785	9.371362993	141.124688	14.68290737
103.9925269	9.408044006	141.2317452	14.55474158
104.0608653	9.445029118	141.3378515	14.4278183
104.129507	9.482333756	141.4430261	14.302177
104.1984651	9.519971707	141.5472883	14.17785515
104.2677526	9.557955126	141.6506572	14.05488827
104.3373798	9.596294561	141.7531484	13.93330992
104.4073538	9.634998973	141.8547743	13.81315175
104.4776819	9.674075765	141.9555469	13.69444352
104.5483711	9.71353081	142.0554783	13.57721311
104.6194284	9.753368483	142.1545805	13.46148656
104.6908607	9.793591697	142.2528654	13.34728812
104.7626751	9.834201934	142.3503448	13.23464021
104.8348783	9.87519929	142.4470305	13.12356355
104.9074772	9.916582507	142.5429342	13.0140771
104.9804785	9.958349022	142.6380677	12.90619812
105.053889	10.00049501	142.7324425	12.79994222
105.1277153	10.04301542	142.8260701	12.69532335
105.2019639	10.08590403	142.918962	12.59235386
105.2766416	10.12915352	143.0111296	12.4910445
105.3517546	10.17275549	143.1025843	12.39140447
105.4273096	10.2167005	143.1933373	12.29344142
105.5033127	10.2609782	143.2833999	12.19716151
105.5797704	10.3055773	143.3727831	12.1025694
105.6566888	10.35048569	143.461498	12.00966831
105.7340741	10.39569047	143.5495557	11.91845998
105.8119325	10.44117805	143.6369671	11.82894477
105.8902697	10.48693415	143.7237435	11.74112164
105.9690878	10.53294394	143.809902	11.65498815
106.0483864	10.57919207	143.8954641	11.57054054
106.1281652	10.62566274	143.9804517	11.48777369
106.2084241	10.67233978	144.0648868	11.40668118
106.2891631	10.7192067	144.1487916	11.32725536
106.3703825	10.76624677	144.2321886	11.24948729
106.4520826	10.81344307	144.3151001	11.17336689
106.5342641	10.86077858	144.3975491	11.09888292
106.6169278	10.9082362	144.4795584	11.02602307
106.7000747	10.95579886	144.5611512	10.95477398
106.783706	11.00344956	144.6423509	10.88512136
106.8678231	11.05117144	144.7231809	10.81705
106.9524276	11.09894782	144.8036651	10.7505439
107.0375213	11.14676231	144.8838274	10.68558631
107.1231063	11.19459884	144.9636919	10.62215985
107.2091847	11.24244174	145.043283	10.56024658
107.295759	11.2902758	145.1226254	10.49982812
107.3828318	11.33808635	145.2017438	10.44088575
107.4704061	11.3858593	145.2806633	10.38340052
107.558485	11.43358127	145.3594091	10.32735338
107.6470718	11.48123959	145.4380067	10.27272531
107.7361692	11.52882243	145.5164802	10.21949746
107.8257686	11.57631885	145.5948295	10.16765128
107.9158522	11.62371888	145.6730362	10.11716867
108.0064019	11.6710136	145.7510812	10.06803212
108.0973995	11.71819518	145.8289453	10.02022482
108.1888264	11.76525693	145.906609	9.97373077
108.2806637	11.81219337	145.9840523	9.928534864
108.3728924	11.85900023	146.0612554	9.884622973
108.4654932	11.9056745	146.1381979	9.841981994
108.5584465	11.95221442	146.2148593	9.800599899
108.6517325	11.9986195	146.2912188	9.760465758
108.7453312	12.04489051	146.3672554	9.721569754
108.8392223	12.09102946	146.4429478	9.683903177
108.933385	12.13703959	146.5182744	9.647458403
109.0277988	12.18292532	146.5932135	9.612228861
109.1224423	12.22869219	146.6677428	9.57820898
109.2172942	12.27434686	146.7418402	9.54539412
109.3123331	12.31989696	146.815483	9.513780489
109.4075368	12.36535111	146.8886484	9.48336504
109.5028834	12.41071874	146.9613132	9.454145357
109.5983504	12.45601005	147.033454	9.42611952
109.6939152	12.50123588	147.1050472	9.399285951
109.7895561	12.54640759	147.176071	9.373643254
109.88527	12.59153694	147.2465327	9.349190025
109.9810684	12.63663591	147.3164629	9.325924667
110.0769635	12.68171664	147.3858927	9.3038452
110.1729674	12.72679121	147.4548537	9.282949089
110.2690927	12.77187159	147.5233775	9.263233077
110.3653522	12.81696948	147.591496	9.244693034
110.4617587	12.86209623	147.6592412	9.227323814
110.5583253	12.9072627	147.7266455	9.211119129
110.6550655	12.95247917	147.7937413	9.196071432
110.7519927	12.9977553	147.8605613	9.18217181
110.8491207	13.04309997	147.9271383	9.169409894
110.9464635	13.08852124	147.9935056	9.157773779
111.0440352	13.13402628	148.0596962	9.147249956
111.1418502	13.17962133	148.1257439	9.137823259
111.239923	13.22531157	148.1916821	9.129476822
111.3382685	13.27110115	148.257545	9.122192052
111.4369016	13.3169931	148.3233664	9.115948615
111.5358376	13.36298933	148.3891808	9.110724429
111.6350919	13.40909055	148.4550227	9.106495685
111.7346801	13.45529631	148.5209268	9.103236863
111.8346181	13.50160495	148.5869281	9.100920781
111.9349213	13.54801361	148.6530598	9.099518643
112.0355994	13.59451823	148.7193382	9.099000106
112.136659	13.64111354	148.7857698	9.099333362
112.2381068	13.68779312	148.8523612	9.100485211
112.3399493	13.73454937	148.9191192	9.102421145
112.4421935	13.78137355	148.9860506	9.105105424
112.5448461	13.8282558	149.0531624	9.108501162
112.647914	13.87518515	149.1204617	9.112570402
112.7514044	13.92214959	149.1879557	9.117274204
112.8553243	13.96913606	149.2556517	9.122572723
112.959681	14.0161305	149.3235574	9.128425296
113.0644818	14.06311791	149.3916802	9.134790528
113.169734	14.11008235	149.4600279	9.141626378
113.2754452	14.15700704	149.5286085	9.148890251
113.3816229	14.20387437	149.5974299	9.156539084
113.4882748	14.25066597	149.6665003	9.16452945
113.5954087	14.29736276	149.735828	9.172817645
113.7030324	14.34394505	149.8054215	9.181359794
113.8111539	14.39039255	149.8752892	9.190111951
113.9197813	14.4366845	149.94544	9.199030207
114.0289227	14.4827997	150.0158828	9.208070799
114.1385864	14.52871663	150.0866265	9.217190225
114.2487796	14.57441351	150.157679	9.226345359
114.3594983	14.6198684	150.2290359	9.235493579
114.4707315	14.66505932	150.3006852	9.24459288
114.5824684	14.70996428	150.3726149	9.253602001
114.6946977	14.75456142	150.4448126	9.262480533
114.807408	14.79882907	150.5172656	9.271189024
114.9205877	14.84274584	150.5899613	9.279689087
115.0342251	14.88629067	150.6628865	9.287943486
115.1483082	14.9294429	150.736028	9.29591623
115.2628248	14.97218238	150.8093724	9.303572655
115.3777627	15.01448945	150.882906	9.310879501
115.4931091	15.05634505	150.9566148	9.317804985
115.6088514	15.09773076	151.0304847	9.324318863
115.7249767	15.13862883	151.1045013	9.330392495
115.8414718	15.17902222	151.17865	9.335998893
115.9583232	15.21889465	151.2529159	9.341112776
116.0755176	15.25823062	151.3272839	9.345710607
116.193041	15.29701541	151.4017386	9.349770634
116.3108796	15.33523515	151.4762645	9.353272916
116.4290191	15.37287681	151.5508457	9.356199352
116.5474452	15.40992818	151.6254661	9.358533701
116.6661432	15.44637793	151.7001095	9.360261588
116.7850986	15.48221555	151.7747587	9.361370521
116.9042987	15.51743141	151.8493924	9.361849881
117.0237322	15.55201668	151.9239862	9.361690922
117.1433878	15.58596336	151.9985159	9.360886755
117.2632539	15.61926427	152.0729571	9.359432314
117.3833192	15.65191298	152.1472854	9.357324329
117.5035722	15.68390384	152.2214765	9.354561275
117.6240015	15.7152319	152.2955057	9.351143312
117.7445955	15.74589292	152.3693485	9.347072227
117.8653427	15.77588334	152.4429805	9.342351351
117.9862316	15.80520017	152.5163768	9.336985471
118.1072507	15.83384106	152.5895129	9.330980739
118.2283883	15.86180416	152.662364	9.324344558
118.3496329	15.88908812	152.7349054	9.31708547
118.4709728	15.91569201	152.8071121	9.309213025
118.5923966	15.9416153	152.8789594	9.30073764
118.7138924	15.96685778	152.9504222	9.291670458
118.8354487	15.99141949	153.0214757	9.282023179
118.9570537	16.01530069	153.0920948	9.271807898
119.0786959	16.03850175	153.1622545	9.261036919
119.2003636	16.06102308	153.2319295	9.249722568
119.322045	16.08286512	153.3010949	9.237876986
119.4437297	16.10402817	153.3697302	9.22551192
119.5654168	16.12451238	153.4378496	9.2126385
119.6871092	16.14431762	153.5054817	9.19926702
119.80881	16.16344343	153.5726555	9.185406726
119.9305228	16.18188895	153.6394002	9.17106563
120.0522509	16.19965283	153.705745	9.156250328
120.1739983	16.21673317	153.7717197	9.140965845
120.2957687	16.23312748	153.8373538	9.125215494
120.4175664	16.24883257	153.9026775	9.10900075
120.5393955	16.26384458	153.9677209	9.092321146
120.6612605	16.27815886	154.0325144	9.075174181
120.7831662	16.29176996	154.0970886	9.05755525
120.9051172	16.30467159	154.1614743	9.039457589
121.0271186	16.31685661	154.2257025	9.02087224
121.1491756	16.32831696	154.2898044	9.00178803
121.2712935	16.33904367	154.3538115	8.982191573
121.3934779	16.34902683	154.4177555	8.962067287
121.5157346	16.35825562	154.481668	8.941397429
121.6380693	16.36671823	154.5455813	8.920162152
121.7604882	16.37440194	154.6095276	8.898339577
121.8829976	16.3812931	154.6735394	8.875905883
122.0056038	16.38737712	154.7376493	8.852835424
122.1283133	16.39263853	154.8018865	8.829100853
122.2511309	16.39706098	154.8662533	8.804673274
122.3740604	16.40062731	154.9307401	8.7795224
122.4971058	16.40331953	154.9953371	8.75361671
122.6202708	16.40511893	155.0600347	8.726923612
122.7435592	16.40600608	155.1248228	8.699409596
122.8669745	16.40596093	155.1896916	8.671040389
122.9905202	16.40496281	155.2546308	8.641781109
123.1141998	16.40299058	155.3196304	8.611596415
123.2380166	16.40002262	155.38468	8.580450655
123.3619738	16.39603697	155.4497692	8.548308015
123.4860746	16.39101138	155.5148876	8.515132662
123.6103221	16.3849234	155.5800246	8.480888892
123.7347193	16.37775049	155.6451695	8.445541269
123.859269	16.36947012	155.7103115	8.409054768
123.9839739	16.36005986	155.7754398	8.371394917
124.108837	16.3494975	155.8405433	8.332527934
124.2338606	16.33776118	155.9056111	8.292420864
124.3590474	16.32482951	155.9706319	8.251041719
124.4843997	16.31068168	156.0355944	8.208359615
124.60992	16.29529761	156.1004873	8.164344901
124.7356104	16.2786581	156.1652991	8.118969302
124.8614718	16.26074498	156.2300186	8.072206047
124.9874955	16.24154123	156.2946367	8.024030005
125.1136684	16.22103119	156.3591454	7.974417819
125.2399772	16.19920066	156.4235364	7.923348041
125.3664085	16.17603708	156.4878012	7.870801264
125.4929486	16.15152972	156.5519313	7.816760267
125.6195838	16.12566975	156.6159179	7.761210149
125.7463001	16.09845045	156.679752	7.704138468
125.8730834	16.06986735	156.7434246	7.645535388
125.9999194	16.03991835	156.8069263	7.585393818
126.1267936	16.0086039	156.8702477	7.523709557
126.2536915	15.97592711	156.9333793	7.46048144
126.3805982	15.94189388	156.9963112	7.395711484
126.5074989	15.90651309	157.0590334	7.329405036
126.6343784	15.86979669	157.121536	7.261570921
126.7612216	15.83175982	157.1838086	7.192221595
126.888013	15.79242101	157.2458409	7.121373287
127.014737	15.75180221	157.3076222	7.049046159
127.141378	15.70992899	157.3691418	6.975264451
127.26792	15.66683063	157.4303888	6.900056635
127.3943472	15.62254024	157.4913522	6.823455566
127.5206432	15.57709488	157.5520207	6.745498634
127.6467891	15.53053565	157.6123783	6.666227914
127.7727508	15.48290782	157.6723842	6.585690315
127.8984903	15.43426093	157.73199	6.50393772
128.0239699	15.38464883	157.7911482	6.421027103
128.1491522	15.3341298	157.8498112	6.337020636
128.2740002	15.28276655	157.9079321	6.251985767
128.3984775	15.2306263	157.9654645	6.165995283
128.5225479	15.17778076	158.0223623	6.079127353
128.6461757	15.12430619	158.0785797	5.991465545
128.7693254	15.07028329	158.1340716	5.903098831
128.8919622	15.01579729	158.1887931	5.814121564
129.0140516	14.96093782	158.2426998	5.724633441
129.1355592	14.90579886	158.2957477	5.634739438
129.2564514	14.85047873	158.3478933	5.544549735
129.3766947	14.79507989	158.3990934	5.454179605
129.4962562	14.73970893	158.4493053	5.363749295
129.6151031	14.68447637	158.4984865	5.273383879
129.7332031	14.62949657	158.5465952	5.183213089
129.8505244	14.57488752	158.5935897	5.09337113
129.9670354	14.52077071	158.6394288	5.003996462
130.0827047	14.46727088	158.6840718	4.915231567
130.1975015	14.41451584	158.7274782	4.827222694
130.3113917	14.36263626	158.7696053	4.740119575
130.4243231	14.31176534	158.8103976	4.654075118
130.5362375	14.2620386	158.8497954	4.569245074
130.6470772	14.21359353	158.8877391	4.485787665
130.7567843	14.16656925	158.9241695	4.403863179
130.8653012	14.12110616	158.9590271	4.323633536
130.9725706	14.07734547	158.9922528	4.2452618
131.0785349	14.03542878	159.0237875	4.168911672
131.1831371	13.99549759	159.0535724	4.094746936
131.2863198	13.95769275	159.0815485	4.022930864
131.3880259	13.92215395	159.1076569	3.95362559
131.4881985	13.88901906	159.1318389	3.886991435
131.5867805	13.8584235	159.1540357	3.823186203
131.6837149	13.83049959	159.1741885	3.762364424
131.7789447	13.80537582	159.1922386	3.704676561
131.8724128	13.78317607	159.2081271	3.65026818
131.9640623	13.76401884	159.2217952	3.599279066
132.0538359	13.74801639	159.2331838	3.551842305
132.1416763	13.73527386	159.242234	3.508083318
132.2275264	13.72588837	159.2488866	3.46811885
132.3113286	13.719948	159.2530822	3.432055917
132.3930252	13.71753086	159.2547613	3.399990704
132.4726045	13.71870395	159.2539133	3.37200742
132.5503041	13.72352216	159.2507931	3.348177133
132.6264452	13.73202721	159.2457446	3.328556651
132.7013485	13.74424675	159.2391109	3.313187529
132.7753343	13.7601936	159.2312346	3.30209524
132.8487224	13.77986515	159.2224578	3.295288501
132.9218326	13.8032429	159.2131221	3.292758759
132.994984	13.83029216	159.2035687	3.294479844
133.068496	13.86096189	159.1941384	3.300407775
133.1426872	13.89518471	159.1851715	3.310480728
133.2178764	13.93287703	159.177008	3.324619167
133.2943818	13.97393936	159.1699874	3.342726132
133.3725214	14.01825676	159.1644486	3.364687687
133.4526128	14.06569947	159.1607299	3.390373528
133.5349727	14.11612361	159.1591689	3.419637753
133.6199177	14.16937213	159.1601025	3.452319792
133.7077631	14.22527584	159.1638665	3.488245498
133.7988234	14.28365467	159.1707955	3.527228393
133.8934121	14.34431896	159.1812228	3.569071089
133.991841	14.40707106	159.1954803	3.613566849
134.0944206	14.47170693	159.2138979	3.660501334
134.2014593	14.538018	159.2368036	3.709654485
134.3131555	14.60579314	159.2644124	3.760802587
134.4293	14.67482074	159.2965212	3.813720421
134.5495873	14.74489075	159.3328278	3.868183436
134.673711	14.81579668	159.3730286	3.923969784
134.8013641	14.88733735	159.4168189	3.980862201
134.9322388	14.95931854	159.4638928	4.038649733
135.0660273	15.03155445	159.5139438	4.097129284
135.2024211	15.10386902	159.5666645	4.15610702
135.3411121	15.17609705	159.6217471	4.215399595
135.481792	15.24808521	159.6788834	4.274835224
135.6241529	15.31969286	159.7377649	4.334254599
135.7678872	15.39079272	159.798083	4.393511631
135.9126879	15.46127136	159.8595295	4.452474049
136.0582485	15.53102957	159.921796	4.511023825
136.2042637	15.59998257	159.9845747	4.569057453
136.3504287	15.66806002	160.0475582	4.62648606
136.4964401	15.73520593	160.1104396	4.683235362
136.6419955	15.80137838	160.172913	4.739245473
136.7867939	15.8665491	160.2346729	4.794470539
136.9305355	15.93070288	160.2954151	4.848878239
137.072922	15.99383689	160.3548361	4.902449108
137.2136569	16.05595975	160.4126336	4.955175727
137.3525086	16.11709054	160.4685686	5.007061745
137.4894932	16.17725764	160.5226436	5.058120789
137.6246871	16.23649753	160.5749208	5.108375301
137.7581671	16.29485362	160.6254634	5.157855398
137.8900108	16.3523751	160.6743358	5.206597759
138.020296	16.40911584	160.7216033	5.254644543
138.1491009	16.46513335	160.7673324	5.302042358
138.2765044	16.52048775	160.8115904	5.34884125
138.4025853	16.57524081	160.8544457	5.395093742
138.527423	16.62945506	160.8959676	5.440853901
138.6510971	16.68319285	160.9362262	5.486176454
138.7736876	16.73651555	160.9752926	5.53111593
138.8952746	16.78948276	161.0132387	5.575725847
139.0159384	16.84215154	161.0501373	5.620057937
139.1357595	16.89457573	161.0860618	5.66416141
139.2548188	16.94680526	161.1210867	5.708082254
139.373197	16.99888551	161.1552869	5.751862578
139.4909751	17.05085681	161.1887386	5.795539991
139.6082344	17.10275381	161.2215182	5.839147025
139.7250561	17.15460504	161.2537033	5.882710592
139.8415214	17.20643245	161.285372	5.926251487
139.9577119	17.25825098	161.3166031	5.969783929
