139.682209	9.291986022	151.3887793	-6.268113653
139.7503476	9.247498597	151.3352504	-6.406917367
139.8184835	9.203009774	151.2817011	-6.545724599
139.8866104	9.158517307	151.2280834	-6.684540911
139.9547221	9.114018072	151.1743494	-6.823373896
140.0228123	9.069508235	151.120451	-6.962232685
140.0908751	9.02498342	151.06634	-7.101127473
140.1589049	8.980438865	151.0119684	-7.240069071
140.2268958	8.935869588	150.957288	-7.379068481
140.2948425	8.891270541	150.9022506	-7.5181365
140.3627397	8.846636761	150.8468081	-7.657283343
140.4305821	8.801963526	150.7909122	-7.796518296
140.4983649	8.757246501	150.7345148	-7.935849392
140.566083	8.712481881	150.6775676	-8.075283107
140.633732	8.667666542	150.6200224	-8.21482409
140.7013071	8.622798175	150.561831	-8.354474909
140.7688042	8.577875428	150.5029449	-8.494235823
140.8362188	8.532898045	150.443316	-8.634104585
140.903547	8.487866997	150.382896	-8.774076263
140.9707849	8.442784619	150.3216364	-8.914143087
141.0379286	8.397654737	150.2594889	-9.05429432
141.1049747	8.352482804	150.1964052	-9.194516159
141.1719195	8.30727602	150.1323368	-9.334791651
141.2387583	8.262043462	150.0672433	-9.475100645
141.3054792	8.216796208	150.001118	-9.615419754
141.3720691	8.171547457	149.9339623	-9.755722339
141.4385143	8.126312639	149.8657778	-9.895978489
141.5048016	8.081109524	149.7965659	-10.036155
141.5709173	8.035958321	149.7263277	-10.17621537
141.636848	7.990881769	149.6550645	-10.31611975
141.70258	7.945905226	149.5827771	-10.45582497
141.7680999	7.901056742	149.5094665	-10.59528447
141.8333939	7.85636713	149.4351333	-10.73444832
141.8984483	7.811870035	149.3597781	-10.87326319
141.9632495	7.767601978	149.2834014	-11.01167231
142.0277836	7.723602415	149.2060034	-11.1496155
142.0920368	7.679913767	149.1275844	-11.28702912
142.1559953	7.636581457	149.0481443	-11.42384605
142.2196451	7.593653929	148.9676829	-11.55999571
142.2829724	7.551182664	148.8862001	-11.69540404
142.345963	7.509222183	148.8036953	-11.82999348
142.4086029	7.467830046	148.7201679	-11.96368297
142.4708779	7.427066838	148.6356173	-12.09638799
142.532774	7.386996143	148.5500424	-12.2280205
142.5942769	7.347684518	148.4634422	-12.35848899
142.6553617	7.309201443	148.3758019	-12.48769849
142.7159727	7.271619268	148.2870674	-12.61555058
142.7760484	7.235013131	148.197177	-12.74194347
142.8355261	7.199460842	148.106068	-12.86677203
142.8943429	7.165042736	148.0136771	-12.98992794
142.9524349	7.131841485	147.9199404	-13.11129987
143.0097376	7.099941872	147.8247932	-13.23077362
143.0661858	7.069430533	147.7281699	-13.3482324
143.1217138	7.040395656	147.6300045	-13.46355709
143.1762553	7.01292664	147.5302303	-13.57662657
143.2297433	6.987113711	147.4287798	-13.68731808
143.2821104	6.963047512	147.3255851	-13.79550762
143.3332885	6.940818628	147.2205778	-13.90107042
143.3832092	6.920517094	147.1136887	-14.00388139
143.4318037	6.902231841	147.0048485	-14.10381573
143.4790027	6.886050108	146.8939872	-14.20074948
143.5247367	6.872056811	146.7810346	-14.29456012
143.5689359	6.860333862	146.6659201	-14.38512735
143.6115302	6.850959451	146.5485727	-14.47233374
143.6524493	6.844007274	146.4289216	-14.55606553
143.6916231	6.839545726	146.3068954	-14.63621348
143.7289813	6.837637034	146.1824229	-14.71267377
143.7645203	6.838336364	146.0555	-14.78534887
143.7984352	6.841690891	145.9263215	-14.85414856
143.8309585	6.847738919	145.7951198	-14.9189908
143.8623233	6.856509086	145.662128	-14.97980263
143.8927632	6.868019679	145.5275797	-15.03652082
143.9225123	6.882278064	145.3917089	-15.08909259
143.9518051	6.899280217	145.2547501	-15.13747604
143.9808764	6.919010372	145.1169379	-15.18164066
144.009961	6.941440784	144.9785071	-15.22156757
144.0392942	6.966531589	144.839693	-15.25724975
144.0691112	6.99423079	144.7007305	-15.28869217
144.0996474	7.024474345	144.5618551	-15.31591174
144.1311384	7.057186373	144.4233022	-15.33893725
144.1638199	7.092279465	144.2853072	-15.35780911
144.1979275	7.129655114	144.1481059	-15.37257907
144.2336974	7.169204251	144.0119342	-15.38330978
144.2713657	7.210807907	143.8770281	-15.39007427
144.3111692	7.254337968	143.743624	-15.39295528
144.3533446	7.299658066	143.6119588	-15.39204455
144.3981295	7.346624572	143.4822698	-15.38744197
144.4457619	7.395087708	143.3547949	-15.37925459
144.4964806	7.444892778	143.2297725	-15.36759559
144.5504348	7.495881509	143.1073602	-15.35258309
144.6074982	7.547893477	142.9874652	-15.33433888
144.6674914	7.600767538	142.8699469	-15.31298719
144.7302352	7.654343186	142.7546649	-15.2886535
144.7955497	7.708461815	142.6414784	-15.26146339
144.863255	7.762967886	142.5302466	-15.23154157
144.9331704	7.817710002	142.4208283	-15.19901088
145.0051148	7.872541887	142.3130818	-15.16399147
145.0789063	7.927323264	142.2068652	-15.12660001
145.1543624	7.981920648	142.1020357	-15.08694902
145.2313	8.036208038	141.9984504	-15.04514622
145.309535	8.090067518	141.8959652	-15.00129403
145.3888826	8.143389766	141.794436	-14.95548913
145.4691571	8.196074461	141.6937174	-14.9078221
145.5501722	8.248030608	141.5936639	-14.85837712
145.6317404	8.299176758	141.4941288	-14.80723181
145.7136736	8.349441142	141.3949651	-14.75445709
145.7957831	8.398761705	141.2960251	-14.70011715
145.877879	8.447086051	141.1971603	-14.64426953
145.959771	8.494371292	141.0982217	-14.58696523
146.0412681	8.540583796	140.9990599	-14.52824894
146.1221788	8.585698855	140.899525	-14.46815935
146.2023689	8.629700242	140.7995199	-14.4067295
146.2818286	8.67257971	140.6990616	-14.34398729
146.3605651	8.714336448	140.598183	-14.27995586
146.4385861	8.754976532	140.4969176	-14.21465418
146.5159003	8.794512394	140.3952999	-14.14809741
146.5925166	8.832962292	140.2933651	-14.08029739
146.6684449	8.870349787	140.191149	-14.01126308
146.7436953	8.906703241	140.0886883	-13.94100099
146.8182789	8.942055307	139.9860203	-13.86951553
146.8922072	8.976442444	139.8831831	-13.79680949
146.9654921	9.009904434	139.7802153	-13.72288434
147.0381463	9.042483909	139.6771564	-13.64774064
147.1101828	9.074225891	139.5740463	-13.57137837
147.1816154	9.10517734	139.4709255	-13.49379727
147.2524582	9.135386712	139.3678355	-13.41499716
147.3227257	9.164903532	139.2648178	-13.3349782
147.3924331	9.193777967	139.161915	-13.25374125
147.461596	9.22206042	139.0591699	-13.17128807
147.5302304	9.24980113	138.956626	-13.08762157
147.5983526	9.277049783	138.8543273	-13.0027461
147.6659798	9.303855132	138.7523183	-12.9166676
147.7331291	9.330264629	138.6506441	-12.82939383
147.7998324	9.356324072	138.5493535	-12.74093452
147.8661524	9.382077257	138.4485026	-12.65130155
147.9321561	9.407565669	138.3481488	-12.5605091
147.9979107	9.432828194	138.2483493	-12.46857369
148.0634832	9.457900878	138.1491614	-12.37551435
148.1289408	9.48281671	138.0506422	-12.28135263
148.1943507	9.507605451	137.952849	-12.18611262
148.2597801	9.532293492	137.8558391	-12.08982102
148.3252963	9.556903751	137.7596697	-11.99250706
148.3909667	9.581455599	137.6643981	-11.89420249
148.4568588	9.605964832	137.5700817	-11.79494152
148.5230401	9.630443667	137.4767778	-11.69476069
148.5895782	9.654900779	137.384544	-11.59369879
148.6565409	9.679341374	137.2934376	-11.49179668
148.723996	9.703767294	137.2035164	-11.38909717
148.7920115	9.728177157	137.1148381	-11.28564474
148.8606556	9.752566538	137.0274605	-11.1814854
148.9299966	9.776928175	136.9414416	-11.07666637
149.0001029	9.801252223	136.8568395	-10.97123586
149.0710432	9.825526531	136.7737125	-10.86524271
149.1428863	9.849736966	136.6921191	-10.75873608
149.2157013	9.873867764	136.6121178	-10.65176509
149.2895283	9.89790192	136.5337334	-10.54437843
149.3643404	9.921821604	136.4569125	-10.43662394
149.4401017	9.945608579	136.3815912	-10.32854823
149.5167759	9.96924461	136.3077057	-10.22019629
149.5943269	9.99271185	136.2351923	-10.11161119
149.6727184	10.01599321	136.1639875	-10.00283372
149.7519138	10.03907273	136.094028	-9.893902189
149.8318766	10.06193586	136.0252504	-9.784852142
149.9125702	10.08456986	135.9575918	-9.675716182
149.9939578	10.10696401	135.890989	-9.566523798
150.0760023	10.12910997	135.8253792	-9.457301227
150.1586666	10.15100197	135.7606995	-9.348071358
150.2419134	10.17263711	135.6968872	-9.238853657
150.3257053	10.19401556	135.6338797	-9.129664139
150.4100045	10.21514075	135.5716143	-9.020515356
150.4947733	10.2360196	135.5100285	-8.911416429
150.5799737	10.25666267	135.4490598	-8.802373109
150.6655673	10.2770843	135.388646	-8.693387871
150.7515157	10.29730274	135.3287246	-8.584460035
150.8377803	10.31734031	135.2692333	-8.475585927
150.9243221	10.33722342	135.21011	-8.366759066
151.0111022	10.35698272	135.1512928	-8.257970389
151.0980871	10.37665311	135.0927478	-8.149208495
151.1852522	10.39627377	135.0344866	-8.04045993
151.2725739	10.41588822	134.9765248	-7.93170946
151.3600284	10.43554431	134.9188778	-7.82294035
151.4475914	10.45529421	134.8615607	-7.714134634
151.5352387	10.47519442	134.8045886	-7.605273376
151.6229458	10.4953057	134.7479759	-7.496336917
151.7106881	10.51569309	134.6917371	-7.387305129
151.7984407	10.5364258	134.6358863	-7.278157646
151.8861784	10.55757715	134.5804374	-7.168874101
151.973876	10.57922454	134.525404	-7.059434346
152.0615081	10.60144927	134.4707993	-6.949818671
152.1490489	10.62433649	134.4166363	-6.840008019
152.2364727	10.64797506	134.3629278	-6.729984187
152.3237533	10.67245738	134.3096861	-6.619730027
152.4108646	10.69787925	134.2569234	-6.50922964
152.49778	10.72433971	134.2046515	-6.398468567
152.584473	10.7519408	134.152882	-6.287433966
152.6709167	10.78078738	134.101626	-6.176114796
152.7570841	10.81098691	134.0508944	-6.064501989
152.842948	10.84264917	134.0006979	-5.952588617
152.9284812	10.87588598	133.9510469	-5.840370056
153.0136549	10.91081098	133.9019627	-5.72784415
153.0984392	10.94753925	133.8534852	-5.615011357
153.1828036	10.98618699	133.8056559	-5.501874889
153.2667178	11.02687121	133.7585159	-5.388440832
153.3501515	11.06970931	133.7121064	-5.274718242
153.4330743	11.11481868	133.6664678	-5.160719224
153.5154558	11.16231631	133.6216408	-5.046458989
153.5972657	11.21231828	133.5776655	-4.931955895
153.6784735	11.26493935	133.5345818	-4.817231462
153.7590489	11.32029242	133.4924294	-4.702310372
153.8389616	11.37848803	133.4512478	-4.587220448
153.9181811	11.43963375	133.4110761	-4.471992613
153.9966771	11.50383368	133.3719534	-4.35666083
154.0744193	11.57118779	133.3339183	-4.241262017
154.1513772	11.64179128	133.2970094	-4.125835955
154.2275205	11.71573396	133.2612649	-4.010425162
154.3028189	11.79309953	133.226723	-3.895074753
154.3772421	11.87396484	133.1934216	-3.779832285
154.4507598	11.95839917	133.1613984	-3.664747574
154.5233416	12.04646346	133.130691	-3.549872497
154.5949573	12.13820948	133.1013366	-3.435260772
154.6655778	12.23367897	133.0733726	-3.320967717
154.7352736	12.33290282	133.0468286	-3.207049993
154.8042882	12.43590019	133.0217216	-3.093565323
154.8728831	12.54267771	132.9980676	-2.980572203
154.9413198	12.6532288	132.9758826	-2.868129597
155.0098599	12.76753307	132.9551828	-2.756296625
155.0787657	12.88555591	132.9359846	-2.645132242
155.1482993	13.00724816	132.9183045	-2.534694899
155.2187233	13.13254586	132.9021592	-2.425042203
155.2903005	13.26137022	132.8875653	-2.316230555
155.3632939	13.39362762	132.8745397	-2.208314788
155.4379669	13.52920978	132.8630995	-2.101347778
155.5145829	13.66799405	132.8532614	-1.995380059
155.5934059	13.80984381	132.8450428	-1.890459415
155.6747	13.95460899	132.8384606	-1.78663046
155.7587296	14.10212674	132.833532	-1.683934209
155.8457594	14.25222221	132.8302742	-1.582407634
155.9360546	14.40470942	132.8287044	-1.482083205
156.0298805	14.55939235	132.8288396	-1.382988422
156.127503	14.71606608	132.830697	-1.285145324
156.2291881	14.87451804	132.8342935	-1.18857
156.3352025	15.03452949	132.8396461	-1.093272068
156.4458072	15.19587704	132.8467689	-0.999254157
156.5610544	15.35833432	132.8555874	-0.906511364
156.6807326	15.52167373	132.8659152	-0.815030742
156.8046134	15.68566814	132.8775594	-0.724790835
156.9324678	15.85009247	132.8903273	-0.635761307
157.0640667	16.01472517	132.9040272	-0.547902666
157.1991807	16.17934959	132.9184677	-0.461166078
157.33758	16.34375518	132.9334582	-0.375493281
157.4790343	16.50773864	132.9488088	-0.290816595
157.6233131	16.67110489	132.9643302	-0.207059017
157.7701855	16.83366795	132.9798341	-0.124134419
157.9194201	16.99525173	132.9951332	-0.041947838
158.0707853	17.15569064	133.0100408	0.03960414
158.2240491	17.31483014	133.0243716	0.120632904
158.378979	17.47252714	133.037941	0.201257247
158.5353424	17.62865031	133.0505658	0.281602697
158.6929063	17.78308025	133.0620639	0.361800764
158.8514372	17.93570957	133.0722545	0.441988083
159.0107017	18.08644286	133.0809581	0.52230547
159.170466	18.23519647	133.0879967	0.602896882
159.3304959	18.38189832	133.0931936	0.683908286
159.4905572	18.52648744	133.0963736	0.765486432
159.6504184	18.66891352	133.0973677	0.84777754
159.8099568	18.80913628	133.096179	0.930925889
159.9691908	18.94712479	133.0930315	1.015072389
160.1281481	19.08285677	133.088163	1.100353185
160.2868569	19.21631787	133.0818099	1.186898373
160.4453451	19.34750105	133.0742072	1.274830838
160.603641	19.47640589	133.0655885	1.364265204
160.7617727	19.60303797	133.0561859	1.455306899
160.9197687	19.7274083	133.0462297	1.548051339
161.0776574	19.84953273	133.0359488	1.642583223
161.2354672	19.96943139	133.0255699	1.738975941
161.393227	20.08712816	133.0153182	1.837291092
161.5509652	20.20265018	133.0054171	1.937578113
161.7087107	20.31602737	132.9960879	2.039874016
161.8664923	20.42729196	132.9875501	2.144203231
162.0243389	20.53647803	132.9800213	2.250577561
162.1822796	20.64362118	132.9737173	2.358996234
162.3403432	20.74875805	132.9688518	2.469446063
162.498559	20.85192601	132.9656368	2.581901716
162.656956	20.9531628	132.9642824	2.696326071
162.8155635	21.05250622	132.9649971	2.812670696
162.9744108	21.14999382	132.9679873	2.930876406
163.1335271	21.24566264	132.9734557	3.050873937
163.2929397	21.33954894	132.9815012	3.172584708
163.4526738	21.43168799	132.992087	3.295921646
163.6127544	21.52211387	133.0051677	3.420790028
163.7732068	21.61085923	133.0206988	3.547088303
163.9340567	21.69795517	133.0386366	3.674708878
164.0953298	21.78343109	133.0589383	3.803538882
164.2570522	21.86731452	133.081562	3.933460901
164.4192503	21.94963106	133.1064663	4.064353685
164.5819505	22.03040423	133.1336108	4.196092829
164.7451798	22.10965548	133.1629559	4.32855143
164.908965	22.18740405	133.1944626	4.461600722
165.0733336	22.26366702	133.2280928	4.595110681
165.238313	22.33845924	133.2638088	4.728950616
165.403931	22.41179338	133.3015739	4.862989734
165.5702157	22.48367992	133.341352	4.997097683
165.7371953	22.55412724	133.3831077	5.13114508
165.9048982	22.62314168	133.4268062	5.265004016
166.0733533	22.69072759	133.4724132	5.398548549
166.2425895	22.75688752	133.5198954	5.531655168
166.4126361	22.82162227	133.5692199	5.664203254
166.5835226	22.88493109	133.6203543	5.79607552
166.7552773	22.94681184	133.6732658	5.927158433
166.9278962	23.00726118	133.727896	6.057342627
167.1013443	23.06627478	133.7841617	6.186523288
167.2755854	23.12384753	133.8419791	6.314600512
167.4505832	23.17997368	133.9012649	6.441479624
167.6263014	23.23464707	133.9619364	6.567071455
167.8027037	23.28786128	134.0239113	6.691292583
167.9797541	23.33960974	134.087108	6.814065536
168.1574165	23.38988593	134.1514452	6.93531896
168.3356546	23.43868345	134.216842	7.054987746
168.5144326	23.48599614	134.2832183	7.173013123
168.6937143	23.53181821	134.3504942	7.289342719
168.8734639	23.57614427	134.4185903	7.40393058
169.0536454	23.61896947	134.4874279	7.516737162
169.234223	23.66028949	134.5569286	7.627729281
169.4151609	23.70010063	134.6270146	7.736880039
169.5964233	23.73839983	134.6976084	7.844168705
169.7779747	23.77518468	134.7686333	7.949580576
169.9597793	23.81045345	134.8400129	8.05310679
170.1418017	23.84420508	134.9116713	8.154744124
170.3240064	23.87643915	134.9835331	8.254494745
170.5063579	23.90715587	135.0555237	8.352365938
170.6888217	23.93635601	135.1275704	8.4483698
170.8713797	23.96404088	135.1996445	8.542522904
171.0540306	23.99021226	135.27176	8.63484595
171.2367735	24.01487232	135.3439325	8.725363408
171.4196073	24.0380236	135.4161771	8.81410319
171.602531	24.05966893	135.488509	8.90109632
171.7855433	24.0798114	135.5609428	8.986376627
171.9686428	24.09845431	135.6334932	9.069980459
172.151828	24.11560116	135.7061743	9.151946393
172.3350974	24.13125559	135.7789999	9.232314983
172.5184491	24.1454214	135.8519838	9.311128498
172.7018813	24.15810247	135.9251393	9.388430692
172.8853921	24.16930282	135.9984796	9.464266574
173.0689792	24.17902651	136.0720173	9.538682202
173.2526405	24.18727775	136.145765	9.611724478
173.4363736	24.19406079	136.2197349	9.683440967
173.620176	24.19937999	136.2939389	9.753879716
173.8040452	24.20323983	136.3683888	9.823089095
173.9879783	24.2056449	136.4430957	9.891117641
174.1719726	24.2065999	136.5180709	9.958013918
174.356025	24.20610974	136.5933251	10.02382638
174.5401325	24.20417948	136.6688687	10.08860327
174.7242914	24.20081442	136.7447115	10.15239248
174.9084894	24.19602009	136.8208514	10.21524146
175.0927048	24.18980233	136.8972746	10.27719713
175.2769156	24.1821673	136.9739665	10.33830577
175.4610997	24.17312151	137.0509122	10.39861293
175.645235	24.16267183	137.1280967	10.45816331
175.8292993	24.15082553	137.2055051	10.51700067
176.0132704	24.13759028	137.283122	10.5751677
176.1971259	24.12297414	137.360932	10.6327059
176.3808434	24.10698558	137.4389196	10.68965549
176.5644006	24.08963347	137.517069	10.7460552
176.747775	24.07092703	137.5953644	10.80194225
176.9309441	24.05087586	137.6737896	10.85735208
177.1138854	24.0294899	137.7523287	10.91231831
177.2965762	24.00677934	137.8309653	10.96687252
177.4789939	23.98275468	137.9096828	11.02104412
177.6611158	23.9574266	137.9884649	11.07486016
177.8429193	23.93080594	138.0672947	11.12834518
178.0243816	23.90290365	138.1461554	11.18152099
178.20548	23.8737307	138.2250301	11.23440652
178.3861916	23.84329801	138.3039017	11.28701761
178.5664936	23.81161641	138.382753	11.33936679
178.7463644	23.77869648	138.4615691	11.39146308
178.925799	23.74454855	138.5403712	11.44331178
179.1048049	23.7091825	138.6192071	11.49491422
179.2833894	23.67260776	138.6981252	11.54626761
179.4615599	23.6348332	138.7771734	11.59736484
179.6393233	23.59586704	138.8563995	11.64819432
179.8166863	23.55571678	138.9358513	11.69873991
180.0063446	23.51438975	139.015576	11.74898076
180.1702368	23.47189463	139.095621	11.79889128
180.3464365	23.42823927	139.1760331	11.8484411
180.5222602	23.38342845	139.2568592	11.89759502
180.6977133	23.33746551	139.3381458	11.94631306
180.8728013	23.29035283	139.4199392	11.99455044
181.0475289	23.24209192	139.5022855	12.04225769
181.221901	23.1926833	139.5852307	12.08938072
181.3959221	23.14212659	139.6688202	12.13586091
181.5695964	23.0904205	139.7530997	12.18163527
181.7429279	23.03756281	139.8381142	12.22663659
181.9159204	22.98355046	139.9239087	12.27079365
182.0885775	22.92837952	140.0105279	12.31403139
182.2609023	22.87204527	140.0980163	12.35627121
182.432898	22.81454221	140.1864182	12.3974312
182.6045667	22.75586415	140.2757745	12.43742644
182.7759021	22.69600423	140.3660792	12.47616934
182.9468913	22.63495499	140.457291	12.51356995
183.117521	22.57270844	140.5493671	12.54953629
183.287778	22.5092561	140.642265	12.58397469
183.4576486	22.44458908	140.7359417	12.61679004
183.6271193	22.37869809	140.8303544	12.6478861
183.7961761	22.31157353	140.9254599	12.67716576
183.9648052	22.24320554	141.0212151	12.70453127
184.1329925	22.17358401	141.1175766	12.7298845
184.3007237	22.10269865	141.2145011	12.75312715
184.4679845	22.03053903	141.3119449	12.77416092
184.6347605	21.95709461	141.4098645	12.79288775
184.8010369	21.88235478	141.5082162	12.80920998
184.9667991	21.80630889	141.6069561	12.82303047
185.1320323	21.7289463	141.7060403	12.8342528
185.2967214	21.65025638	141.8054248	12.8427814
185.4608515	21.57022856	141.9050655	12.84852165
185.6244072	21.48885232	142.0049183	12.85137998
185.7873733	21.40611727	142.1049387	12.85126403
185.9497344	21.32201311	142.2050826	12.84808267
186.1114749	21.23652967	142.3053056	12.84174609
186.2725796	21.14965692	142.4055638	12.83216592
186.4330373	21.06138501	142.5058248	12.8192552
186.5928404	20.9717042	142.6060653	12.8029285
186.7519816	20.88060498	142.7062626	12.78310193
186.9104541	20.78807798	142.8063941	12.75969319
187.0682514	20.69411404	142.9064377	12.73262163
187.2253672	20.59870422	143.0063715	12.70180829
187.3817958	20.50183981	143.106174	12.66717598
187.5375315	20.40351235	143.205824	12.62864931
187.6925692	20.30371363	143.3053005	12.58615476
187.8469039	20.20243578	143.4045829	12.53962077
188.0005312	20.09967125	143.5036509	12.48897777
188.1534466	19.99541282	143.6024844	12.4341583
188.3056463	19.88965371	143.7010637	12.37509706
188.4571267	19.78238756	143.7993693	12.31173102
188.6078844	19.6736085	143.897382	12.24399951
188.7579163	19.56331118	143.9950831	12.17184431
188.9072197	19.45149084	144.0924538	12.09520978
189.0557921	19.33814337	144.1894759	12.01404297
189.2036315	19.22326536	144.2861313	11.92829373
189.3507358	19.10685415	144.3824024	11.83791487
189.4971036	18.98890794	144.4782715	11.74286228
189.6427319	18.86942584	144.5737186	11.64309509
189.7876027	18.74840795	144.6686968	11.53857583
189.9316892	18.62585545	144.7631435	11.42927061
190.0749646	18.50177069	144.8569959	11.31514922
190.217402	18.37615722	144.9501914	11.19618531
190.3589748	18.24901988	145.0426673	11.07235652
190.4996562	18.12036485	145.1343609	10.94364454
190.6394196	17.99019969	145.2252097	10.81003527
190.7782384	17.85853337	145.3151509	10.67151887
190.9160859	17.7253763	145.4041221	10.52808983
191.0529357	17.59074039	145.4920607	10.37974704
191.1887613	17.454639	145.5789041	10.22649383
191.3235362	17.31708698	145.6645897	10.06833801
191.4572339	17.17810067	145.7490551	9.90529186
191.5898282	17.03769788	145.8322377	9.737372185
191.7212926	16.89589789	145.9140749	9.564600261
191.8516008	16.75272139	145.9945042	9.387001838
191.9807266	16.60819046	146.0734632	9.204607101
192.1086436	16.46232856	146.1508892	9.017450623
192.2353257	16.31516041	146.2267197	8.8255713
192.3607466	16.166712	146.3008921	8.629012282
192.4848801	16.01701047	146.3733438	8.427820882
192.6077017	15.86608407	146.4440139	8.222048473
192.729204	15.71396206	146.5128595	8.011750371
192.8493893	15.56067461	146.5798475	7.796985714
192.9682599	15.40625274	146.6449449	7.577817333
193.0858174	15.25072823	146.7081179	7.354311628
193.2020634	15.09413354	146.7693326	7.126538437
193.3169988	14.93650175	146.8285544	6.894570912
193.4306246	14.7778665	146.8857485	6.658485388
193.5429411	14.61826191	146.9408794	6.418361257
193.6539484	14.45772256	146.9939115	6.174280833
193.7636465	14.2962834	147.0448085	5.926329218
193.8720348	14.13397972	147.0935338	5.674594167
193.9791127	13.97084713	147.1400504	5.419165943
194.084879	13.80692147	147.184321	5.160137176
194.1893325	13.64223882	147.2263075	4.897602709
194.2924716	13.47683543	147.2659719	4.631659447
194.3942945	13.31074771	147.3032753	4.362406192
194.4947991	13.14401217	147.3381788	4.089943475
194.593983	12.97666543	147.3706428	3.814373384
194.6918438	12.80874416	147.4006276	3.53579938
194.7883785	12.64028506	147.4280927	3.254326104
194.8835843	12.47132486	147.4529975	2.970059181
194.9774579	12.30190023	147.4753032	2.683105005
195.0699962	12.13204784	147.4949955	2.393570527
195.1611962	11.96180427	147.512075	2.10156303
195.251055	11.791206	147.526543	1.807189916
195.33957	11.62028942	147.5384011	1.5105585
195.4267385	11.44909074	147.5476511	1.211775813
195.512558	11.27764602	147.5542953	0.91094842
195.5970261	11.10599113	147.5583363	0.608182238
195.6801407	10.93416173	147.5597771	0.303582377
195.7618995	10.7621932	147.558621	-0.002747026
195.8423004	10.59012068	147.5548718	-0.31070295
195.9213416	10.41797901	147.5485336	-0.620183633
195.9990211	10.24580267	147.5396111	-0.931088705
196.0753372	10.07362584	147.5281092	-1.243319307
196.1502882	9.901482271	147.5140332	-1.556778212
196.2238725	9.729405319	147.4973892	-1.871369929
196.2960886	9.557427894	147.4781832	-2.187000805
196.3669351	9.385582427	147.4564222	-2.503579116
196.4364106	9.213900842	147.4321132	-2.821015152
196.504514	9.042414516	147.4052641	-3.139221294
196.5712438	8.871154247	147.3758828	-3.458112087
196.6365992	8.700150217	147.3439782	-3.7776043
196.7005806	8.52943195	147.3095612	-4.097616983
196.7632014	8.359028276	147.2726555	-4.418071514
196.8244802	8.188967294	147.2332908	-4.738891639
196.8844357	8.01927634	147.1914965	-5.060003492
196.9430866	7.849981968	147.1473023	-5.381335597
197.0004515	7.681109935	147.100738	-5.702818862
197.0565494	7.512685192	147.0518332	-6.024386551
197.1113988	7.344731894	147.000618	-6.345974235
197.1650188	7.177273403	146.9471221	-6.667519741
197.2174279	7.01033231	146.8913756	-6.98896307
197.2686452	6.843930461	146.8334085	-7.31024631
197.3186893	6.678088989	146.773251	-7.631313533
197.3675793	6.512828359	146.7109331	-7.95211067
197.4153339	6.348168412	146.6464852	-8.272585379
197.4619719	6.184128426	146.5799374	-8.592686895
197.5075124	6.020727177	146.5113201	-8.912365866
197.5519742	5.857983013	146.4406637	-9.231574173
197.5953762	5.695913929	146.3679986	-9.550264741
197.6377373	5.534537657	146.2933551	-9.86839133
197.6790765	5.373871753	146.2167638	-10.18590832
197.7194126	5.213933705	146.1382553	-10.50277046
197.7587646	5.054741033	146.05786	-10.81893266
197.7971484	4.896311404	145.9756026	-11.13434968
197.8345582	4.738662757	145.8914639	-11.4489759
197.8709781	4.581813411	145.8054051	-11.76276503
197.9063923	4.425782186	145.7173872	-12.07566989
197.9407851	4.270588494	145.6273709	-12.38764213
197.9741404	4.116252434	145.5353171	-12.69863208
198.0064423	3.962794862	145.4411864	-13.00858852
198.0376748	3.810237464	145.3449392	-13.31745857
198.067822	3.658602802	145.2465361	-13.62518752
198.0968676	3.507914358	145.1459372	-13.93171874
198.1247958	3.358196567	145.0431029	-14.23699359
198.1515903	3.209474829	144.9379932	-14.54095139
198.1772351	3.061775517	144.8305682	-14.84352935
198.201714	2.915125972	144.7207879	-15.14466258
198.225011	2.769554479	144.6086123	-15.44428412
198.24711	2.62509024	144.4940011	-15.74232497
198.2679947	2.481763327	144.3769142	-16.03871418
198.2876492	2.339604626	144.2573113	-16.33337893
198.3060573	2.198645765	144.1351522	-16.6262447
198.3232031	2.058919035	144.0103965	-16.91723536
198.3390704	1.920457292	143.883004	-17.20627343
198.3536434	1.783293847	143.7529341	-17.49328021
198.3669096	1.647462347	143.6201535	-17.7781761
198.3788833	1.512996638	143.4846796	-18.0608808
198.389591	1.379930631	143.3465535	-18.34131364
198.3990593	1.248298165	143.205816	-18.6193938
198.4073149	1.118132884	143.0625075	-18.89504063
198.4143845	0.989468115	142.9166683	-19.16817383
198.420295	0.862336763	142.7683382	-19.43871376
198.4250732	0.736771208	142.6175569	-19.70658161
198.4287459	0.612803208	142.4643636	-19.97169966
198.4313399	0.490463818	142.3087972	-20.23399144
198.4328823	0.369783305	142.1508962	-20.49338199
198.4333998	0.250791085	141.9906989	-20.74979798
198.4329195	0.133515651	141.8282429	-21.00316794
198.4314682	0.017984526	141.6635656	-21.25342242
198.4290729	-0.095775796	141.496704	-21.50049413
198.4257604	-0.207739885	141.3276947	-21.74431813
198.4215578	-0.317883411	141.1565738	-21.98483197
198.4164918	-0.426183173	140.9833769	-22.22197583
198.4105894	-0.532617124	140.8081392	-22.45569267
198.4038774	-0.637164376	140.6308955	-22.68592834
198.3963827	-0.73980522	140.4516802	-22.91263175
198.3881321	-0.840521117	140.2705269	-23.13575495
198.3791497	-0.9392947	140.0874719	-23.35525328
198.369447	-1.036109761	139.9025658	-23.5710855
198.3590308	-1.130951241	139.7158637	-23.78321385
198.347908	-1.22380522	139.5274208	-23.99160419
198.3360858	-1.314658914	139.3372921	-24.19622607
198.323571	-1.403500671	139.1455324	-24.39705279
198.3103706	-1.490319978	138.9521964	-24.59406147
198.2964916	-1.575107466	138.7573388	-24.78723307
198.2819408	-1.657854924	138.5610139	-24.97655244
198.2667253	-1.738555313	138.3632763	-25.16200833
198.250852	-1.817202792	138.1641799	-25.34359337
198.2343278	-1.893792737	137.963779	-25.52130409
198.2171595	-1.968321776	137.7621274	-25.69514088
198.1993542	-2.040787819	137.5592789	-25.86510795
198.1809187	-2.111190103	137.3552872	-26.03121331
198.1618599	-2.179529227	137.1502056	-26.19346865
198.1421847	-2.245807208	136.9440876	-26.35188932
198.1219	-2.31002753	136.7369862	-26.50649422
198.1010126	-2.372195199	136.5289545	-26.65730571
198.0795293	-2.432316809	136.3200453	-26.80434949
198.0574571	-2.490400604	136.1103112	-26.94765446
198.0348028	-2.546456552	135.8998049	-27.08725262
198.0115766	-2.600496417	135.6885735	-27.22317889
197.9878074	-2.65253384	135.4766366	-27.35547097
197.9635301	-2.702584409	135.2640053	-27.48416917
197.9387798	-2.750665732	135.0506904	-27.60931624
197.9135915	-2.796797492	134.8367032	-27.73095724
197.8880001	-2.841001493	134.6220553	-27.84913939
197.8620407	-2.883301699	134.4067585	-27.96391194
197.8357484	-2.923724258	134.1908247	-28.07532606
197.809158	-2.962297516	133.9742663	-28.18343468
197.7823047	-2.999052026	133.7570957	-28.28829242
197.7552235	-3.034020538	133.5393258	-28.38995546
197.7279494	-3.067237983	133.3209697	-28.48848147
197.7005175	-3.098741443	133.1020406	-28.58392947
197.6729628	-3.128570113	132.8825521	-28.67635981
197.6453204	-3.156765252	132.6625182	-28.76583402
197.6176252	-3.183370113	132.4419528	-28.85241477
197.5899125	-3.208429876	132.2208705	-28.9361658
197.5622171	-3.231991557	131.9992858	-29.01715182
197.5345743	-3.254103914	131.7772139	-29.09543849
197.5070189	-3.274817329	131.5546698	-29.17109233
197.4795861	-3.294183694	131.3316691	-29.24418064
197.4523109	-3.312256266	131.1082276	-29.31477151
197.4252236	-3.329089527	130.8843623	-29.38293368
197.3983285	-3.344739016	130.6600951	-29.44873655
197.3716209	-3.359261173	130.4354493	-29.51225011
197.3450961	-3.372713178	130.2104487	-29.57354487
197.3187491	-3.385152794	129.9851168	-29.63269181
197.292575	-3.396638225	129.7594771	-29.68976231
197.2665687	-3.407227975	129.5335532	-29.74482809
197.2407253	-3.416980713	129.3073686	-29.79796115
197.2150394	-3.425955148	129.0809469	-29.84923367
197.189506	-3.434209906	128.8543117	-29.89871793
197.1641195	-3.441803416	128.6274866	-29.94648627
197.1388747	-3.448793796	128.400495	-29.99261093
197.113766	-3.455238756	128.1733605	-30.03716401
197.088788	-3.461195489	127.9461067	-30.08021735
197.063935	-3.466720584	127.718757	-30.12184243
197.0392014	-3.471869933	127.4913349	-30.16211023
197.0145814	-3.476698646	127.263864	-30.20109114
196.9900693	-3.481260972	127.0363676	-30.23885483
196.9656591	-3.485610221	126.8088691	-30.2754701
196.941345	-3.489798692	126.5813919	-30.31100473
196.917121	-3.493877605	126.3539593	-30.34552538
196.8929809	-3.497897035	126.1265947	-30.37909739
196.8689184	-3.501905854	125.8993145	-30.41178461
196.8449254	-3.505951671	125.6721096	-30.44364926
196.8209935	-3.510080776	125.4449645	-30.47475176
196.7971145	-3.514338095	125.2178634	-30.50515054
196.7732798	-3.518767142	124.9907902	-30.5349019
196.7494813	-3.523409977	124.7637288	-30.56405991
196.7257105	-3.528307167	124.5366626	-30.59267624
196.7019592	-3.533497753	124.3095748	-30.62080004
196.6782191	-3.539019215	124.0824485	-30.64847788
196.6544818	-3.544907449	123.8552663	-30.6757536
196.6307391	-3.551196738	123.6280109	-30.70266827
196.6069826	-3.557919729	123.4006645	-30.7292601
196.583204	-3.565107415	123.1732091	-30.75556435
196.5593951	-3.572789118	122.9456265	-30.78161333
196.5355475	-3.580992472	122.7178982	-30.80743632
196.511653	-3.589743414	122.4900056	-30.83305955
196.4877033	-3.59906617	122.2619297	-30.85850617
196.4636901	-3.608983252	122.0336512	-30.88379624
196.439605	-3.619515448	121.8051509	-30.90894676
196.4154397	-3.630681817	121.5764089	-30.93397165
196.3911861	-3.642499693	121.3474055	-30.95888175
196.3668357	-3.654984679	121.1181203	-30.98368492
196.3423791	-3.668150651	120.888534	-31.00838603
196.3178026	-3.682009761	120.6586308	-31.032987
196.2930916	-3.696572446	120.4283959	-31.05748692
196.2682313	-3.711847436	120.1978145	-31.08188207
196.243207	-3.727841772	119.9668722	-31.10616605
196.2180041	-3.744560829	119.7355544	-31.13032981
196.192608	-3.762008339	119.5038467	-31.15436176
196.167004	-3.780186421	119.2717348	-31.17824792
196.1411777	-3.799095621	119.0392045	-31.20197198
196.1151144	-3.818734948	118.8062415	-31.22551543
196.0887998	-3.839101918	118.572832	-31.24885771
196.0622192	-3.860192606	118.3389619	-31.27197631
196.0353582	-3.8820017	118.1046174	-31.29484693
196.0082025	-3.904522557	117.8697846	-31.31744366
195.9807376	-3.927747269	117.63445	-31.33973909
195.9529491	-3.951666727	117.3985999	-31.3617045
195.9248227	-3.976270699	117.1622209	-31.38331004
195.8963441	-4.001547904	116.9252996	-31.40452491
195.867499	-4.027486094	116.6878225	-31.42531757
195.8382732	-4.054072142	116.4497766	-31.44565589
195.8086524	-4.081292133	116.2111487	-31.46550741
195.7786224	-4.109131461	115.9719258	-31.48483956
195.7481731	-4.137574929	115.7321032	-31.50361983
195.7173102	-4.166606855	115.4917095	-31.52181608
195.6860438	-4.196211172	115.2507821	-31.53939669
195.6543837	-4.22637153	115.0093586	-31.55633085
195.6223401	-4.257071383	114.7674765	-31.57258869
195.589923	-4.288294072	114.5251736	-31.58814149
195.5571424	-4.3200229	114.2824876	-31.60296187
195.5240085	-4.352241204	114.0394564	-31.61702389
195.4905314	-4.384932409	113.7961181	-31.63030321
195.4567214	-4.41808009	113.5525107	-31.64277719
195.4225886	-4.45166801	113.3086726	-31.654425
195.3881433	-4.485680169	113.0646419	-31.66522768
195.3533958	-4.520100828	112.820457	-31.67516823
195.3183565	-4.554914539	112.5761565	-31.68423164
195.2830357	-4.590106164	112.3317788	-31.69240492
195.2474438	-4.625660883	112.0873626	-31.69967713
195.2115914	-4.661564203	111.8429465	-31.70603936
195.1754888	-4.697801954	111.5985694	-31.71148472
195.1391467	-4.73436028	111.3542701	-31.7160083
195.1025757	-4.771225623	111.1100874	-31.71960714
195.0657862	-4.808384703	110.8660603	-31.7222801
195.0287891	-4.845824485	110.6222278	-31.72402787
194.9915907	-4.883532149	110.3786195	-31.72485279
194.9541851	-4.921495044	110.1352384	-31.72475877
194.9165641	-4.959700648	109.8920825	-31.72375116
194.8787196	-4.998136531	109.64915	-31.72183666
194.8406434	-5.036790316	109.4064391	-31.71902315
194.8023273	-5.075649645	109.1639479	-31.71531965
194.7637631	-5.114702152	108.9216746	-31.71073618
194.7249424	-5.153935433	108.6796173	-31.70528366
194.685857	-5.193337028	108.4377743	-31.69897382
194.6464985	-5.232894398	108.1961437	-31.69181912
194.6068585	-5.27259491	107.9547237	-31.68383266
194.5669287	-5.312425826	107.7135125	-31.67502808
194.5267005	-5.352374296	107.4725082	-31.66541951
194.4861656	-5.392427352	107.231709	-31.65502147
194.4453153	-5.432571907	106.9911131	-31.64384885
194.4041412	-5.472794761	106.7507186	-31.63191678
194.3626346	-5.513082609	106.5105236	-31.6192406
194.320787	-5.553422049	106.2705263	-31.60583581
194.2785897	-5.593799604	106.0307248	-31.59171803
194.2360339	-5.634201735	105.7911173	-31.57690289
194.193111	-5.674614875	105.5517017	-31.56140606
194.1498122	-5.715025449	105.3124762	-31.54524316
194.1061315	-5.755419913	105.0734377	-31.52842973
194.0620708	-5.795784791	104.8345795	-31.51098122
194.017634	-5.836106709	104.5958943	-31.49291291
193.9728246	-5.876372437	104.3573748	-31.47423996
193.9276464	-5.916568922	104.1190138	-31.45497733
193.8821031	-5.956683321	103.880804	-31.43513978
193.8361986	-5.996703036	103.6427382	-31.41474191
193.7899367	-6.036615741	103.4048092	-31.3937981
193.7433214	-6.076409414	103.1670098	-31.37232257
193.6963565	-6.116072361	102.9293328	-31.35032936
193.6490462	-6.155593245	102.6917711	-31.32783235
193.6013944	-6.194961108	102.4543175	-31.3048453
193.5534054	-6.234165396	102.216965	-31.2813819
193.5050832	-6.273195974	101.9797065	-31.25745573
193.456432	-6.312043154	101.742535	-31.2330804
193.4074563	-6.350697706	101.5054436	-31.20826953
193.3581603	-6.389150881	101.2684251	-31.18303681
193.3085483	-6.427394419	101.0314729	-31.15739609
193.2586249	-6.465420567	100.7945799	-31.13136142
193.2083946	-6.503222093	100.5577395	-31.10494711
193.1578619	-6.540792291	100.3209447	-31.07816783
193.1070314	-6.578124995	100.0841889	-31.05103866
193.0559073	-6.615214585	99.84747215	-31.0235752
193.0044921	-6.652055994	99.61081512	-30.99579362
192.952788	-6.688644713	99.37424231	-30.96771078
192.9007972	-6.724976797	99.13777823	-30.93934429
192.8485217	-6.761048871	98.90144742	-30.91071254
192.7959637	-6.796858133	98.66527443	-30.8818348
192.7431251	-6.832402362	98.42928378	-30.85273122
192.690008	-6.867679921	98.19350002	-30.82342287
192.6366144	-6.902689763	97.9579477	-30.79393173
192.5829462	-6.937431436	97.72265134	-30.76428074
192.5290052	-6.971905087	97.48763546	-30.73449375
192.4747933	-7.006111471	97.25292459	-30.7045955
192.4203124	-7.040051951	97.01854322	-30.67461161
192.3655641	-7.073728506	96.78451583	-30.6445685
192.3105501	-7.107143739	96.5508669	-30.61449336
192.2552722	-7.140300878	96.31762085	-30.58441406
192.1997321	-7.173203784	96.08480212	-30.55435908
192.1439311	-7.20585696	95.8524351	-30.5243574
192.087871	-7.238265551	95.62054415	-30.4944384
192.0315533	-7.270435355	95.3891536	-30.46463172
191.9749792	-7.302372828	95.15828778	-30.43496716
191.9181504	-7.33408509	94.92797085	-30.40547448
191.8610712	-7.365579934	94.69821321	-30.3761833
191.8037531	-7.396865828	94.46899576	-30.34712288
191.746208	-7.427951923	94.24029574	-30.31832198
191.6884484	-7.458848044	94.01209052	-30.28980869
191.6304864	-7.489564687	93.78435762	-30.26161027
191.5723343	-7.520113006	93.55707469	-30.23375304
191.5140045	-7.550504789	93.33021955	-30.20626223
191.4555095	-7.580752439	93.10377014	-30.17916186
191.3968616	-7.610868939	92.87770457	-30.15247467
191.3380733	-7.640867817	92.65200109	-30.12622194
191.2791571	-7.670763105	92.42663812	-30.10042351
191.2201257	-7.700569288	92.2015942	-30.0750976
191.1609916	-7.730301252	91.97684806	-30.05026082
191.1017676	-7.75997422	91.75237858	-30.02592804
191.0424662	-7.789603689	91.52816479	-30.00211241
190.9831003	-7.819205353	91.3041859	-29.97882525
190.9236827	-7.848795027	91.08042127	-29.95607608
190.8642261	-7.878388557	90.85685043	-29.93387253
190.8047434	-7.908001729	90.63345307	-29.91222039
190.7452477	-7.937650169	90.41020906	-29.89112353
190.6857517	-7.967349238	90.18709845	-29.87058397
190.6262685	-7.997113918	89.96410144	-29.85060186
190.5668008	-8.026958692	89.74120014	-29.83117548
190.5073293	-8.056897421	89.51838041	-29.81230128
190.4478314	-8.086943225	89.29562855	-29.79397391
190.3882844	-8.117108374	89.07293075	-29.77618626
190.3286658	-8.147404189	88.85027314	-29.7589295
190.2689527	-8.177840955	88.62764173	-29.7421931
190.2091224	-8.208427843	88.40502245	-29.72596492
190.149152	-8.239172847	88.18240113	-29.71023125
190.0890187	-8.270082732	87.95976351	-29.69497686
190.0286994	-8.301162987	87.73709525	-29.68018506
189.9681711	-8.332417799	87.5143819	-29.66583781
189.9074108	-8.363850029	87.29160893	-29.65191577
189.8463952	-8.395461206	87.06876171	-29.63839839
189.7851012	-8.427251528	86.8458255	-29.62526399
189.7235054	-8.459219879	86.62278549	-29.61248986
189.6615845	-8.491363849	86.39962676	-29.60005237
189.5993152	-8.523679776	86.17633429	-29.58792709
189.536674	-8.556162792	85.95289296	-29.57608887
189.4736373	-8.588806882	85.72928755	-29.56451196
189.4101815	-8.621604955	85.50550275	-29.5531702
189.346283	-8.65454893	85.28152312	-29.54203708
189.2819181	-8.687629824	85.05733318	-29.5310859
189.2170727	-8.720837865	84.83292855	-29.52028997
189.1517548	-8.7541626	84.60833026	-29.50962269
189.0859754	-8.787593013	84.38356296	-29.49905774
189.0197453	-8.821117634	84.15865137	-29.4885692
188.9530756	-8.854724649	83.93362034	-29.47813168
188.8859772	-8.888401992	83.70849478	-29.46772042
188.818461	-8.92213744	83.48329971	-29.45731141
188.750538	-8.955918705	83.25806025	-29.44688143
188.682219	-8.989733506	83.03280159	-29.43640818
188.6135151	-9.023569653	82.80754901	-29.42587028
188.5444371	-9.057415109	82.58232789	-29.41524734
188.474996	-9.09125806	82.35716368	-29.40452
188.4052026	-9.125086968	82.13208194	-29.39366994
188.3350679	-9.158890626	81.90710826	-29.38267987
188.2646028	-9.192658205	81.68226837	-29.37153356
188.1938182	-9.22637929	81.45758803	-29.36021579
188.1227249	-9.260043926	81.23309311	-29.34871232
188.0513338	-9.293642636	81.00880953	-29.33700987
187.9796559	-9.327166455	80.78476329	-29.32509602
187.907702	-9.360606946	80.56098047	-29.31295919
187.8354829	-9.393956212	80.33748721	-29.30058851
187.7630096	-9.427206909	80.11430951	-29.28797377
187.6902902	-9.460352246	79.89145904	-29.27510527
187.6173288	-9.493385986	79.66892405	-29.26197373
187.544129	-9.526302442	79.44669054	-29.24857016
187.4706943	-9.559096472	79.22474446	-29.23488578
187.3970286	-9.591763471	79.00307165	-29.22091188
187.3231356	-9.624299364	78.78165791	-29.20663976
187.2490189	-9.656700595	78.56048896	-29.19206063
187.1746824	-9.688964118	78.33955043	-29.17716556
187.1001299	-9.721087383	78.11882791	-29.16194537
187.0253653	-9.753068321	77.89830693	-29.14639061
186.9503923	-9.784905333	77.67797295	-29.13049151
186.8752149	-9.816597266	77.45781136	-29.11423793
186.7998371	-9.848143403	77.23780752	-29.0976193
186.7242627	-9.879543437	77.01794672	-29.08062467
186.6484959	-9.910797453	76.7982142	-29.06324263
186.5725406	-9.941905904	76.57859515	-29.04546136
186.4964008	-9.972869587	76.35907471	-29.02726856
186.4200808	-10.00368962	76.13963798	-29.00865157
186.3435845	-10.0343674	75.92027001	-28.98959731
186.2669162	-10.06490461	75.7009558	-28.97009233
186.19008	-10.09530315	75.48168032	-28.95012288
186.1130801	-10.12556512	75.2624285	-28.92967496
186.0359138	-10.15569279	75.04318564	-28.90873434
185.958567	-10.18568855	74.82393771	-28.88728669
185.8810247	-10.21555493	74.60467081	-28.86531761
185.8032719	-10.24529451	74.38537111	-28.84281277
185.7252935	-10.27490997	74.16602482	-28.81975795
185.6470748	-10.30440404	73.94661821	-28.7961392
185.5686009	-10.33377953	73.72713761	-28.77194295
185.489857	-10.36303934	73.50756942	-28.74715612
185.4108284	-10.39218648	73.28790009	-28.72176625
185.3315006	-10.42122409	73.06811613	-28.69576169
185.251859	-10.45015548	72.84820413	-28.66913171
185.171889	-10.47898418	72.62815073	-28.64186668
185.0915763	-10.50771398	72.40794264	-28.61395826
185.0109066	-10.53634902	72.18756664	-28.58539955
184.9298656	-10.56489382	71.96700957	-28.55618534
184.848439	-10.59335338	71.74625837	-28.52631223
184.7666129	-10.62173326	71.5253	-28.49577892
184.6843731	-10.65003968	71.30412155	-28.46458641
184.6017058	-10.67827958	71.08271015	-28.43273818
184.5185971	-10.70646078	70.86105302	-28.4002405
184.4350331	-10.73459207	70.63913745	-28.36710266
184.3510005	-10.76268331	70.41695114	-28.33333718
184.2664989	-10.7907456	70.19450745	-28.29896016
184.1815511	-10.81879138	69.97186387	-28.26399146
184.0961818	-10.84683457	69.74908235	-28.22845503
184.0104158	-10.87489068	69.52622489	-28.19237906
183.9242778	-10.9029769	69.30335356	-28.15579624
183.8377924	-10.93111222	69.08053049	-28.11874389
183.750984	-10.95931747	68.85781788	-28.08126409
183.6638771	-10.98761542	68.63527796	-28.04340382
183.5764959	-11.01603078	68.41297301	-28.00521499
183.4888649	-11.04459029	68.19096536	-27.96675452
183.4010079	-11.07332272	67.96931737	-27.92808433
183.3129492	-11.10225887	67.74809143	-27.88927131
183.2247127	-11.13143159	67.52734995	-27.85038731
183.1363222	-11.16087574	67.30715536	-27.81150903
183.0478014	-11.1906282	67.08757013	-27.77271791
182.959174	-11.22072779	66.86865671	-27.73409997
182.8704636	-11.25121522	66.65047756	-27.69574565
182.7816936	-11.28213303	66.43309516	-27.65774961
182.6928874	-11.31352552	66.21657196	-27.62021044
182.6040681	-11.34543864	66.00097043	-27.58323041
182.5152589	-11.37791986	65.78635299	-27.54691516
182.4264829	-11.41101806	65.57278188	-27.51137335
182.3377657	-11.44478343	65.36031256	-27.47671625
182.249136	-11.47926725	65.14899198	-27.44305736
182.1606229	-11.51452175	64.93886645	-27.41051194
182.0722551	-11.55059994	64.72998213	-27.37919654
181.9840613	-11.58755537	64.52238508	-27.34922852
181.8960701	-11.62544191	64.31612122	-27.32072547
181.8083101	-11.66431355	64.11123638	-27.29380469
181.7208096	-11.70422408	63.90777622	-27.2685826
181.6335971	-11.74522684	63.7057863	-27.24517407
181.5467007	-11.78737441	63.50531207	-27.22369184
181.4601486	-11.83071833	63.30639883	-27.20424578
181.3739689	-11.8753087	63.10909179	-27.18694221
181.2881895	-11.92119387	62.91343602	-27.17188315
181.2028382	-11.96842005	62.71947649	-27.15916553
181.1179429	-12.01703091	62.52725803	-27.14888039
181.0335313	-12.06706719	62.33682538	-27.14111207
180.9496309	-12.11856622	62.14822317	-27.13593728
180.8662693	-12.17156152	61.96149591	-27.13342422
180.783474	-12.22608228	61.776688	-27.13363166
180.7012721	-12.28215288	61.59384376	-27.13660795
180.6196911	-12.3397924	61.41300738	-27.14238999
180.5387561	-12.39901404	61.23421887	-27.15100224
180.4584105	-12.45982461	61.05736257	-27.16245561
180.3784941	-12.52222396	60.88212337	-27.17674644
180.2988395	-12.58620448	60.70817314	-27.19385551
180.2192798	-12.65175072	60.53518384	-27.21374726
180.139648	-12.71883897	60.36282749	-27.23636915
180.0597773	-12.78743706	60.1907762	-27.26165114
180.020499	-12.85750238	60.01870215	-27.28950536
179.8986527	-12.92897647	59.8462776	-27.31982595
179.8170658	-13.00179209	59.67317487	-27.35248907
179.7345741	-13.07588035	59.49906636	-27.38735299
179.6510115	-13.15116551	59.32362457	-27.42425844
179.5662118	-13.2275635	59.14652204	-27.46302907
179.4800091	-13.30498214	58.96743143	-27.50347209
179.3922377	-13.38332161	58.78602546	-27.54537904
179.3027319	-13.46247483	58.60197696	-27.58852675
179.2113261	-13.54232806	58.41495886	-27.6326785
179.1178551	-13.62276152	58.22464419	-27.67758523
179.0221536	-13.70365012	58.03070611	-27.72298706
178.9240565	-13.78486421	57.83281793	-27.76861488
178.8233991	-13.8662705	57.6306531	-27.81419212
178.7200168	-13.94773301	57.42388527	-27.85943671
178.6137486	-14.02911413	57.21219519	-27.90406323
178.5045723	-14.11027574	56.99554187	-27.94778514
178.392648	-14.19108037	56.77425094	-27.99031716
178.2781484	-14.27139234	56.54867303	-28.03137758
178.161246	-14.35107885	56.31915872	-28.07069039
178.0421131	-14.43001089	56.0860585	-28.10798725
177.9209219	-14.50806421	55.8497228	-28.14300929
177.7978445	-14.58512005	55.61050193	-28.17550873
177.6730528	-14.66106588	55.36874608	-28.2052503
177.5467185	-14.73579606	55.12480529	-28.23201257
177.4190132	-14.80921234	54.87902946	-28.25558901
177.2901081	-14.88122432	54.63176829	-28.27578896
177.1601743	-14.95174989	54.38337129	-28.29243838
177.0293827	-15.02071544	54.13418775	-28.30538042
176.8979038	-15.08805614	53.8845667	-28.31447593
176.7659081	-15.15371603	53.63485695	-28.31960364
176.6335657	-15.21764807	53.385407	-28.32066033
176.5010462	-15.27981413	53.13656509	-28.31756071
176.3685193	-15.34018485	52.88867914	-28.31023725
176.2361541	-15.39873946	52.64209676	-28.29863972
176.1041196	-15.45546549	52.39716526	-28.28273469
175.9725844	-15.51035841	52.15423158	-28.26250478
175.8417125	-15.56342122	51.91363339	-28.2379478
175.7115743	-15.61466389	51.67551574	-28.20907567
175.5821507	-15.66410284	51.43983901	-28.17591336
175.4534191	-15.71176035	51.20655611	-28.13849765
175.3253566	-15.75766402	50.97561991	-28.09687608
175.1979406	-15.80184617	50.74698329	-28.05110584
175.0711482	-15.8443434	50.52059908	-28.00125272
174.9449568	-15.88519603	50.29642011	-27.94739013
174.8193434	-15.92444765	50.07439919	-27.88959813
174.6942854	-15.96214463	49.85448915	-27.82796251
174.56976	-15.99833568	49.63664277	-27.76257392
174.4457443	-16.03307141	49.42081286	-27.69352702
174.3222154	-16.06640395	49.20695221	-27.62091971
174.1991507	-16.09838653	48.99501361	-27.54485231
174.0765272	-16.12907309	48.78494985	-27.46542689
173.9543221	-16.15851794	48.57671373	-27.38274658
173.8325125	-16.18677543	48.37025805	-27.29691488
173.7110756	-16.2138996	48.16553561	-27.20803512
173.5899886	-16.23994386	47.96249921	-27.11620981
173.4692284	-16.26496072	47.76110165	-27.02154017
173.3487723	-16.28900151	47.56129577	-26.92412559
173.2285974	-16.31211611	47.36303437	-26.82406317
173.10868	-16.33435271	47.1662699	-26.72144731
172.9889824	-16.35575757	46.97094621	-26.6163693
172.8694524	-16.37637481	46.77699893	-26.50891695
172.7500377	-16.39624626	46.5843636	-26.39917432
172.6306861	-16.41541124	46.39297614	-26.28722138
172.5113455	-16.43390651	46.20277276	-26.17313384
172.391964	-16.45176611	46.01368998	-26.05698293
172.2724899	-16.46902135	45.82566466	-25.93883524
172.1528718	-16.48570074	45.63863394	-25.81875264
172.0330583	-16.50182997	45.45253528	-25.6967922
171.9129982	-16.517432	45.26730645	-25.57300615
171.7926406	-16.53252702	45.08288549	-25.44744193
171.6719348	-16.5471326	44.89921077	-25.32014219
171.55083	-16.56126377	44.71622094	-25.19114492
171.4292761	-16.57493316	44.53385496	-25.06048357
171.3072227	-16.58815116	44.35205206	-24.92818723
171.18462	-16.60092611	44.1707518	-24.79428078
171.061418	-16.61326454	43.98989401	-24.65878522
170.9375674	-16.62517139	43.80941884	-24.52171789
170.8130186	-16.63665031	43.62926674	-24.3830928
170.6877227	-16.64770392	43.44937846	-24.24292099
170.5616308	-16.65833421	43.26969505	-24.10121096
170.4346962	-16.66854282	43.09016024	-23.95796901
170.3069192	-16.67833147	42.91077359	-23.81319981
170.1783477	-16.68770234	42.73159101	-23.66690679
170.0490317	-16.69665845	42.55267083	-23.51909267
169.9190209	-16.70520401	42.37407131	-23.3697599
169.7883653	-16.71334479	42.1958506	-23.21891109
169.6571147	-16.72108841	42.01806679	-23.06654941
169.5253191	-16.72844461	41.84077787	-22.91267897
169.3930283	-16.73542556	41.66404173	-22.75730519
169.2602921	-16.74204609	41.48791618	-22.60043514
169.1271601	-16.74832386	41.31245893	-22.44207781
168.9936822	-16.7542796	41.13772759	-22.28224444
168.859908	-16.75993729	40.96377968	-22.12094876
168.7258871	-16.76532424	40.79067262	-21.95820722
168.5916691	-16.77047127	40.61846372	-21.79403923
168.4573034	-16.77541277	40.4472102	-21.62846732
168.3228396	-16.78018676	40.27696916	-21.46151733
168.1883269	-16.78483499	40.10779763	-21.29321853
168.0538147	-16.7894029	39.9397525	-21.12360375
167.9193521	-16.79393963	39.77289058	-20.95270946
167.7849883	-16.79849801	39.60726856	-20.78057586
167.6507723	-16.80313448	39.44294302	-20.6072469
167.5167522	-16.80790902	39.27997008	-20.43277032
167.3829649	-16.81288503	39.11840044	-20.25719764
167.249439	-16.81812923	38.95828108	-20.08058411
167.1162032	-16.82371149	38.79965925	-19.9029887
166.9832865	-16.82970464	38.64258252	-19.724474
166.8507181	-16.83618436	38.48709879	-19.54510613
166.7185276	-16.84322893	38.33325627	-19.36495467
166.5867447	-16.85091903	38.18110349	-19.18409245
166.4553995	-16.85933749	38.03068927	-19.00259549
166.3245222	-16.8685691	37.88206273	-18.82054274
166.1941433	-16.87870026	37.73527326	-18.63801593
166.0642935	-16.88981877	37.59037051	-18.45509932
165.9350038	-16.90201346	37.4474044	-18.27187948
165.8063054	-16.91537392	37.3064251	-18.08844497
165.6782297	-16.9299901	37.16748299	-17.90488612
165.5508082	-16.94595199	37.0306287	-17.72129462
165.4240728	-16.9633492	36.89591303	-17.53776324
165.2980554	-16.98227058	36.76338702	-17.35438544
165.1727883	-17.00280374	36.63310184	-17.17125495
165.0483037	-17.02503465	36.50510887	-16.98846536
164.9246341	-17.04904712	36.3794596	-16.80610967
164.8018123	-17.07492233	36.2562057	-16.62427979
164.6798668	-17.10273827	36.13539466	-16.44306604
164.5587632	-17.13256924	36.01701145	-16.26255662
164.4384189	-17.16448526	35.90099292	-16.08283706
164.3187491	-17.19855155	35.78727376	-15.90398968
164.199668	-17.23482806	35.67578767	-15.72609311
164.081089	-17.27336895	35.56646746	-15.54922178
163.9629245	-17.31422225	35.45924501	-15.37344554
163.8450861	-17.35742939	35.35405131	-15.1988292
163.7274846	-17.40302488	35.25081652	-15.02543217
163.6100297	-17.45103602	35.14946991	-14.85330811
163.4926305	-17.50148257	35.04993992	-14.68250463
163.3751952	-17.55437654	34.95215415	-14.51306297
163.257631	-17.60972201	34.85603937	-14.34501779
163.1398445	-17.66751491	34.76152152	-14.17839695
163.0217411	-17.72774291	34.66852568	-14.01322127
162.9032256	-17.79038538	34.5769761	-13.84950445
162.7842018	-17.85541328	34.48679618	-13.68725291
162.6645726	-17.92278918	34.3979084	-13.52646569
162.5442399	-17.99246729	34.3102344	-13.36713444
162.4231046	-18.06439355	34.22369487	-13.20924338
162.3010668	-18.13850572	34.13820956	-13.05276931
162.1780252	-18.21473354	34.05369723	-12.89768169
162.0538795	-18.29299895	33.97007623	-12.74394269
161.9285523	-18.37321635	33.88727273	-12.59150736
161.8019855	-18.45529284	33.80521971	-12.44032377
161.6741218	-18.53912855	33.72385067	-12.29033319
161.5449042	-18.62461698	33.64309946	-12.14147034
161.4142762	-18.71164535	33.56290027	-11.99366362
161.2821815	-18.80009501	33.48318765	-11.84683541
161.1485644	-18.88984179	33.4038965	-11.70090237
161.0133693	-18.98075645	33.32496206	-11.55577579
160.8765412	-19.07270515	33.24631995	-11.41136195
160.7380256	-19.16554991	33.16790617	-11.26756252
160.5977683	-19.2591491	33.08965708	-11.12427503
160.4557154	-19.35335796	33.01150945	-10.98139329
160.3118137	-19.44802919	32.93340046	-10.83880789
160.1660104	-19.54301347	32.85526772	-10.69640675
160.0182532	-19.63816007	32.77704926	-10.55407566
159.8684904	-19.73331753	32.6986836	-10.41169888
159.7166707	-19.82833424	32.62010973	-10.26915973
159.5627436	-19.92305914	32.54126714	-10.12634127
159.406659	-20.01734246	32.46209587	-9.983126998
159.2483676	-20.11103641	32.38253652	-9.839401509
159.0878206	-20.20399596	32.30253026	-9.695051303
158.9249818	-20.29607962	32.22203077	-9.549965533
158.7599287	-20.38715025	32.1411081	-9.404036824
158.5928038	-20.47707587	32.05989823	-9.257162064
158.4237505	-20.56573039	31.9785385	-9.109243166
158.2529131	-20.65299428	31.89716686	-8.960187756
158.0804365	-20.73875525	31.81592187	-8.809909795
157.906466	-20.82290871	31.73494272	-8.658330135
157.7311478	-20.90535828	31.65436918	-8.505377014
157.5546284	-20.98601623	31.57434166	-8.350986469
157.3770551	-21.06480375	31.49500114	-8.195102696
157.1985757	-21.14165127	31.41648918	-8.037678339
157.0193386	-21.21649864	31.33894793	-7.878674705
156.8394927	-21.28929523	31.26252005	-7.718061921
156.6591874	-21.36000007	31.18734878	-7.555819016
156.4785727	-21.42858172	31.11357783	-7.391933942
156.2977989	-21.49501833	31.04135141	-7.226403521
156.117017	-21.55929736	30.97081422	-7.059233324
155.9363782	-21.62141546	30.90211138	-6.890437491
155.7560343	-21.68137814	30.83538842	-6.720038468
155.5761373	-21.7391994	30.77079129	-6.548066687
155.3968397	-21.79490135	30.70846626	-6.37456017
155.2182943	-21.84851364	30.64855997	-6.199564065
155.0406428	-21.90007297	30.59120811	-6.023130117
154.8639127	-21.94962241	30.5364329	-5.845316069
154.6880646	-21.99721073	30.48419036	-5.666185036
154.5130583	-22.04289178	30.4344354	-5.485804882
154.3388529	-22.08672382	30.38712261	-5.304247628
154.1654075	-22.12876893	30.3422063	-5.121588875
153.9926806	-22.16909243	30.29964052	-4.937907275
153.8206306	-22.20776234	30.25937902	-4.753284011
153.6492157	-22.24484884	30.22137532	-4.567802317
153.4783934	-22.2804238	30.18558265	-4.381547021
153.3081214	-22.31456031	30.15195405	-4.194604118
153.1383569	-22.34733223	30.12044229	-4.007060364
152.9690568	-22.37881381	30.09099992	-3.81900291
152.8001779	-22.40907928	30.06357929	-3.630518945
152.6316767	-22.43820251	30.03813252	-3.441695384
152.4635093	-22.46625668	30.01461155	-3.252618568
152.2956318	-22.49331399	29.9929681	-3.063374
152.128	-22.5194454	29.97315371	-2.874046099
151.9605694	-22.54472032	29.95511975	-2.684717988
151.7932954	-22.56920649	29.93881739	-2.495471299
151.6261332	-22.59296972	29.92419765	-2.306386012
151.4590376	-22.61607371	29.91121135	-2.117540309
151.2919652	-22.63857999	29.89981135	-1.929010462
151.1248914	-22.66054773	29.8899729	-1.740870741
150.9578024	-22.68203367	29.88168455	-1.553193333
150.7906848	-22.70309204	29.87493485	-1.36604828
150.6235251	-22.72377449	29.8697121	-1.179503416
150.4563094	-22.74413003	29.86600439	-0.993624304
150.2890242	-22.76420494	29.86379959	-0.808474186
150.1216555	-22.78404276	29.86308534	-0.624113931
149.9541894	-22.80368425	29.86384906	-0.440601986
149.7866118	-22.82316732	29.86607791	-0.257994332
149.6189088	-22.84252707	29.86975885	-0.076344443
149.4510662	-22.86179569	29.87487857	0.104296751
149.2830696	-22.88100255	29.88142353	0.283880898
149.1149048	-22.90017411	29.88937992	0.462362261
148.9465574	-22.91933401	29.89873372	0.639697739
148.7780129	-22.938503	29.90947061	0.8158469
148.6092568	-22.95769905	29.92157602	0.990772001
148.4402745	-22.97693731	29.93503515	1.164438008
148.2710512	-22.99623019	29.94983288	1.336812614
148.1015722	-23.01558738	29.96595386	1.507866255
147.9318227	-23.03501593	29.98338244	1.677572122
147.7617877	-23.05452027	30.0021027	1.845906167
147.5914533	-23.07410233	30.02209714	2.012847112
147.4208116	-23.09376158	30.04333928	2.178376453
147.2498576	-23.1134951	30.0657993	2.34247845
147.078586	-23.13329769	30.08944799	2.505140124
146.9069914	-23.15316195	30.11425683	2.666351228
146.7350684	-23.17307837	30.14019797	2.826104219
146.5628111	-23.19303539	30.16724424	2.984394218
146.3902139	-23.21301953	30.1953692	3.141218964
146.2172707	-23.23301549	30.22454713	3.296578751
146.0439755	-23.25300621	30.25475304	3.450476373
145.8703221	-23.27297299	30.28596272	3.602917042
145.6963041	-23.29289564	30.31815271	3.75390832
145.521915	-23.3127525	30.35130033	3.903460025
145.3471482	-23.33252064	30.38538372	4.051584146
145.1719968	-23.35217592	30.4203818	4.19829474
144.9964539	-23.37169312	30.45627436	4.343607835
144.8205125	-23.39104608	30.49304197	4.487541316
144.6441653	-23.41020784	30.53066609	4.630114818
144.467405	-23.42915071	30.56912903	4.771349605
144.2902241	-23.44784648	30.60841396	4.911268449
144.1126149	-23.46626652	30.64850496	5.049895507
143.9345696	-23.48438193	30.68938699	5.187256192
143.7560832	-23.50216371	30.73104735	5.323377041
143.5771717	-23.5195829	30.77348417	5.458285583
143.3978604	-23.53661071	30.81669972	5.592010207
143.2181747	-23.55321874	30.86069563	5.724580035
143.0381401	-23.56937902	30.90547291	5.8560248
142.857782	-23.58506421	30.9510319	5.98637473
142.6771259	-23.60024764	30.99737229	6.115660433
142.4961973	-23.61490348	31.04449308	6.243912795
142.3150217	-23.62900678	31.09239261	6.371162871
142.1336247	-23.64253357	31.14106849	6.497441788
141.9520318	-23.6554609	31.19051769	6.622780645
141.7702687	-23.66776693	31.24073642	6.747210421
141.5883609	-23.67943095	31.29172023	6.870761879
141.4063342	-23.69043342	31.34346392	6.993465476
141.224214	-23.70075599	31.39596159	7.115351272
141.0420262	-23.71038152	31.44920661	7.236448839
140.8597963	-23.71929406	31.50319164	7.356787172
140.67755	-23.72747889	31.55790858	7.476394597
140.495313	-23.73492242	31.61334864	7.595298679
140.313111	-23.74161224	31.66950227	7.713526131
140.1309697	-23.74753703	31.7263592	7.831102716
139.9489147	-23.75268652	31.78390844	7.94805315
139.766969	-23.75705145	31.84214051	8.064401001
139.5851353	-23.76062347	31.90106237	8.180168588
139.4034069	-23.76339508	31.96068878	8.29537688
139.2217774	-23.76535955	32.02103482	8.410045398
139.0402405	-23.76651089	32.08211585	8.524192138
138.85879	-23.76684375	32.14394752	8.637833492
138.67742	-23.76635339	32.20654572	8.750984186
138.4961245	-23.76503564	32.26992665	8.863657227
138.3148978	-23.76288684	32.33410672	8.975863857
138.1337344	-23.75990383	32.39910263	9.087613524
137.9526287	-23.75608393	32.46493133	9.198913855
137.7715754	-23.75142489	32.53160999	9.309770645
137.5905695	-23.7459249	32.59915604	9.420187859
137.4096059	-23.73958258	32.66758714	9.530167634
137.2286796	-23.73239695	32.73692119	9.639710309
137.0477861	-23.72436751	32.8071763	9.748814443
136.8669207	-23.71549414	32.87837079	9.85747687
136.686079	-23.70577721	32.95052322	9.965692743
136.5052566	-23.69521757	33.02365234	10.0734556
136.3244496	-23.68381655	33.09777709	10.18075745
136.1436538	-23.67157603	33.17291664	10.28758883
135.9628655	-23.65849846	33.2490903	10.39393896
135.7820841	-23.6445869	33.32631316	10.49979579
135.6013256	-23.6298451	33.40457764	10.60514615
135.4206112	-23.61427748	33.48386938	10.7099759
135.2399623	-23.59788925	33.56417453	10.81426999
135.0594	-23.58068637	33.64547979	10.91801265
134.8789456	-23.56267562	33.72777243	11.02118743
134.6986205	-23.54386461	33.81104029	11.12377736
134.518446	-23.52426178	33.89527179	11.22576504
134.3384432	-23.5038764	33.98045595	11.3271327
134.1586336	-23.48271858	34.06658235	11.42786236
133.9790384	-23.46079924	34.15364122	11.52793589
133.799679	-23.43813009	34.24162337	11.62733508
133.6205766	-23.41472361	34.33052026	11.72604177
133.4417526	-23.39059299	34.42032396	11.82403789
133.2632282	-23.36575211	34.51102717	11.92130559
133.0850247	-23.34021546	34.60262327	12.01782729
132.9071633	-23.3139981	34.69510625	12.11358577
132.7296654	-23.28711558	34.78847078	12.20856426
132.5525522	-23.25958383	34.8827122	12.30274651
132.375845	-23.23141913	34.97782649	12.39611688
132.1995648	-23.20263798	35.07381034	12.48866042
132.0237329	-23.17325698	35.1706611	12.58036296
131.8483656	-23.14329275	35.26837371	12.67121119
131.6734525	-23.11276179	35.3669271	12.76119274
131.4989749	-23.08168036	35.46629496	12.85029628
131.3249143	-23.05006438	35.56645105	12.93851159
131.1512524	-23.01792934	35.66736927	13.0258296
130.9779715	-22.98529018	35.76902361	13.11224249
130.8050537	-22.95216124	35.87138821	13.1977437
130.6324817	-22.9185562	35.97443731	13.28232797
130.4602383	-22.884488	36.07814527	13.36599138
130.2883068	-22.84996884	36.18248659	13.44873135
130.1166706	-22.81501008	36.2874359	13.53054665
129.9453133	-22.77962231	36.39296796	13.61143742
129.774219	-22.74381526	36.49905767	13.6914051
129.603372	-22.70759782	36.60568006	13.77045247
129.4327567	-22.67097808	36.71281032	13.84858359
129.2623581	-22.6339633	36.82042379	13.92580374
129.0921613	-22.59655998	36.92849595	14.00211941
128.9221516	-22.55877388	37.03700244	14.0775382
128.7523149	-22.52061006	37.14591908	14.1520688
128.582637	-22.48207292	37.25522183	14.22572085
128.4131043	-22.44316633	37.36488683	14.29850491
128.2437033	-22.40389361	37.47489042	14.37043233
128.0744239	-22.3642577	37.58521285	14.44151517
127.9052716	-22.32426117	37.69585526	14.51176606
127.7362579	-22.28390637	37.80682621	14.5811981
127.567394	-22.24319549	37.91813473	14.64982478
127.398692	-22.20213064	38.02979031	14.71765983
127.2301637	-22.16071396	38.14180288	14.78471717
127.0618213	-22.11894765	38.25418284	14.85101078
126.8936775	-22.07683407	38.36694104	14.91655468
126.7257448	-22.03437579	38.48008878	14.98136283
126.5580363	-21.99157568	38.5936378	15.04544906
126.3905651	-21.94843691	38.70760031	15.10882705
126.2233447	-21.90496305	38.82198895	15.17151027
126.0563886	-21.86115808	38.93681681	15.23351195
125.8897106	-21.81702645	39.05209743	15.29484508
125.723325	-21.77257309	39.16784479	15.35552236
125.5572459	-21.72780346	39.28407329	15.41555622
125.3914878	-21.68272354	39.40079779	15.47495881
125.2260654	-21.63733988	39.51803358	15.53374206
125.0609937	-21.59165956	39.63579636	15.59191765
124.8962876	-21.54569025	39.75410228	15.6494971
124.7319626	-21.49944014	39.87296791	15.70649176
124.568034	-21.45291799	39.99241023	15.76291294
124.4045164	-21.40613305	40.11244144	15.81877192
124.2414195	-21.35909509	40.23305416	15.87408006
124.0787523	-21.31181431	40.35423627	15.92884888
123.9165233	-21.26430136	40.47597555	15.98309012
123.7547412	-21.21656728	40.59825969	16.03681585
123.5934147	-21.16862344	40.72107632	16.09003851
123.4325521	-21.12048152	40.84441294	16.142771
123.2721619	-21.07215343	40.96825703	16.19502674
123.1122526	-21.02365132	41.09259595	16.24681971
122.9528323	-20.97498742	41.21741703	16.29816454
122.7939095	-20.92617408	41.34270751	16.34907652
122.6354922	-20.87722366	41.4684546	16.39957167
122.4775885	-20.82814844	41.59464543	16.44966677
122.3202066	-20.77896061	41.72126709	16.49937939
122.1633542	-20.72967212	41.84830663	16.54872795
122.0070394	-20.68029469	41.97575106	16.59773171
121.8512699	-20.63083962	42.10358735	16.64641078
121.6960535	-20.58131781	42.23180243	16.69478618
121.5413977	-20.53173959	42.36038322	16.74287982
121.3873103	-20.48211468	42.48931662	16.7907145
121.2337987	-20.43245204	42.61858949	16.8383139
121.0808702	-20.38275983	42.74818871	16.8857026
120.928529	-20.33304526	42.87810349	16.93290606
120.7767657	-20.28331448	43.00833226	16.97995055
120.6255673	-20.23357252	43.13887527	17.02686321
120.4749208	-20.18382314	43.26973234	17.07367195
120.3248126	-20.13406876	43.40090284	17.12040549
120.1752289	-20.08431038	43.53238567	17.1670933
120.0261553	-20.03454748	43.66417932	17.2137656
119.8775775	-19.98477796	43.79628183	17.2604533
119.7294806	-19.93499806	43.92869082	17.30718804
119.5818495	-19.88520233	44.06140346	17.35400212
119.4346688	-19.83538357	44.19441653	17.40092847
119.2879228	-19.78553278	44.32772637	17.44800066
119.1415955	-19.73563911	44.46132892	17.49525284
118.9956705	-19.68568989	44.5952197	17.54271969
118.8501314	-19.63567055	44.72939383	17.59043646
118.7049613	-19.58556466	44.86384601	17.63843884
118.560143	-19.53535391	44.99857058	17.68676298
118.4156593	-19.4850181	45.13356144	17.73544541
118.2714925	-19.43453522	45.26881213	17.78452302
118.1276247	-19.38388141	45.40431577	17.83403297
117.9840377	-19.33303104	45.54006512	17.88401266
117.8407133	-19.28195676	45.67605254	17.93449965
117.697636	-19.23062954	45.81227333	17.98553157
117.5548044	-19.17901874	45.94873594	18.03714611
117.4122201	-19.12709219	46.08545202	18.08938085
117.2698849	-19.07481628	46.22243306	18.14227326
117.1278003	-19.02215601	46.3596904	18.19586061
116.985968	-18.96907508	46.49723518	18.25017987
116.8443895	-18.91553595	46.63507839	18.30526769
116.7030662	-18.86149995	46.77323084	18.36116031
116.5619996	-18.80692732	46.91170319	18.41789351
116.421191	-18.75177733	47.0505059	18.47550257
116.2806417	-18.69600832	47.18964927	18.53402217
116.1403531	-18.63957782	47.32914342	18.59348637
116.0003262	-18.58244261	47.46899829	18.65392858
115.8605623	-18.52455882	47.60922366	18.71538146
115.7210625	-18.465882	47.74982911	18.77787691
115.5818277	-18.40636724	47.89082406	18.841446
115.442859	-18.34596923	48.03221773	18.90611893
115.3041573	-18.28464239	48.17401917	18.97192501
115.1657236	-18.22234095	48.31623725	19.03889256
115.0275585	-18.15901906	48.45888064	19.10704894
114.889663	-18.09463087	48.60195784	19.17642041
114.7520378	-18.02913068	48.74547715	19.24703217
114.6146874	-17.96247304	48.88944769	19.31890829
114.4776276	-17.89461285	49.03388118	19.39207161
114.3408761	-17.82550548	49.17878966	19.46654379
114.2044502	-17.7551069	49.32418499	19.54234519
114.0683676	-17.68337377	49.4700789	19.61949484
113.9326456	-17.61026354	49.61648292	19.69801042
113.7973016	-17.53573456	49.76340842	19.77790822
113.662353	-17.45974619	49.91086664	19.85920306
113.527817	-17.38225886	50.05886862	19.9419083
113.3937108	-17.30323417	50.20742526	20.02603573
113.2600517	-17.22263499	50.3565473	20.11159563
113.1268566	-17.14042555	50.50624533	20.19859663
112.9941427	-17.05657148	50.65652976	20.28704571
112.8619269	-16.97103994	50.80741088	20.37694819
112.7302261	-16.88379965	50.9588988	20.46830764
112.5990573	-16.79482099	51.11100351	20.56112586
112.4684373	-16.70407607	51.26373483	20.65540282
112.3383827	-16.6115388	51.41710244	20.75113666
112.2089104	-16.51718495	51.57111588	20.84832361
112.0800369	-16.42099221	51.72578455	20.94695794
111.9517789	-16.32294028	51.88111771	21.04703194
111.8241529	-16.22301093	52.03712448	21.14853587
111.6971785	-16.12118801	52.19381803	21.25145789
111.5708849	-16.01745759	52.35122365	21.35578406
111.4453027	-15.91180796	52.50936897	21.46149824
111.3204625	-15.8042297	52.66828177	21.5685821
111.196395	-15.69471571	52.82799	21.67701508
111.0731303	-15.58326123	52.98852179	21.78677438
110.950699	-15.46986388	53.14990542	21.89783492
110.8291312	-15.35452369	53.31216935	22.01016942
110.7084571	-15.23724305	53.47534221	22.12374831
110.5887068	-15.11802678	53.63945279	22.23853984
110.4699102	-14.99688204	53.80453008	22.35451007
110.3520973	-14.8738184	53.97060323	22.47162291
110.2352979	-14.74884773	54.13770156	22.58984018
110.1195417	-14.62198425	54.30585459	22.70912168
110.0048584	-14.49324441	54.47509203	22.82942527
109.8912777	-14.36264687	54.64544374	22.95070692
109.7788289	-14.23021249	54.8169398	23.07292085
109.6675416	-14.09596419	54.98961048	23.19601961
109.5574451	-13.9599269	55.16348623	23.31995421
109.4485687	-13.82212752	55.33859772	23.44467425
109.3409418	-13.68259478	55.51497578	23.57012808
109.2345933	-13.54135914	55.69265149	23.69626292
109.1295468	-13.39845274	55.87164652	23.82302509
109.0258081	-13.25390923	56.05195391	23.95036012
108.9233798	-13.10776368	56.23356123	24.07821299
108.8222647	-12.96005247	56.41645593	24.20652829
108.7224651	-12.81081318	56.60062535	24.33525036
108.6239838	-12.6600845	56.78605671	24.46432349
108.5268232	-12.5079061	56.97273713	24.59369204
108.4309858	-12.3543186	57.16065365	24.72330061
108.3364741	-12.19936344	57.34979322	24.85309414
108.2432905	-12.04308278	57.54014273	24.98301808
108.1514375	-11.88551948	57.73168897	25.11301848
108.0609174	-11.72671698	57.92441872	25.2430421
107.9717328	-11.56671923	58.11831865	25.37303655
107.8838861	-11.40557067	58.31337544	25.50295033
107.7973795	-11.2433161	58.5095757	25.63273301
107.7122157	-11.08000066	58.70690603	25.76233521
107.628397	-10.91566977	58.905353	25.89170876
107.5459258	-10.75036907	59.10490318	26.02080674
107.4648046	-10.58414435	59.30554314	26.14958355
107.3850358	-10.41704156	59.50725944	26.27799497
107.306622	-10.24910668	59.71003865	26.4059982
107.2295657	-10.08038574	59.91386736	26.53355196
107.1538667	-9.910924762	60.11873071	26.66061647
107.0795195	-9.740769692	60.32461052	26.78715353
107.0065182	-9.569966405	60.53148787	26.91312654
106.934857	-9.398560651	60.73934352	27.03850052
106.8645305	-9.226598035	60.94815785	27.16324214
106.7955334	-9.054124003	61.15791091	27.28731969
106.7278607	-8.88118382	61.36858238	27.41070315
106.6615077	-8.707822568	61.5801516	27.53336412
106.5964699	-8.534085135	61.79259754	27.65527584
106.5327428	-8.360016216	62.00589881	27.77641314
106.4703224	-8.185660318	62.22003367	27.89675245
106.4092047	-8.011061761	62.43498003	28.01627172
106.3493859	-7.836264694	62.65071542	28.1349504
106.2908625	-7.661313101	62.86721702	28.25276936
106.2336312	-7.486250819	63.08446165	28.36971086
106.1776886	-7.311121557	63.30242577	28.48575846
106.1230316	-7.135968911	63.52108549	28.60089693
106.0696575	-6.960836391	63.74041656	28.71511216
106.0175633	-6.78576744	63.96039435	28.82839108
105.9667465	-6.610805459	64.18099392	28.94072156
105.9172044	-6.435993835	64.40218994	29.05209225
105.8689348	-6.261375966	64.6239568	29.16249249
105.8219381	-6.086995288	64.84627891	29.27191217
105.7762208	-5.912895302	65.06916342	29.38034158
105.7317902	-5.739119597	65.292621	29.48777127
105.6886535	-5.565711873	65.51666296	29.59419193
105.6468178	-5.39271595	65.74130117	29.69959426
105.6062903	-5.220175783	65.96654809	29.80396887
105.5670782	-5.048135462	66.19241679	29.90730613
105.5291886	-4.876639213	66.4189209	30.00959615
105.4926285	-4.705731391	66.64607462	30.11082866
105.457405	-4.535456465	66.87389274	30.21099293
105.4235251	-4.365859	67.10239061	30.31007773
105.3909959	-4.196983633	67.33158414	30.40807129
105.3598243	-4.028875042	67.5614898	30.50496125
105.3300173	-3.861577907	67.79212461	30.60073467
105.301582	-3.695136863	68.02350615	30.69537797
105.2745251	-3.529596457	68.25565254	30.78887699
105.2488538	-3.36500108	68.48858246	30.88121697
105.224575	-3.201394909	68.7223151	30.97238261
105.2016955	-3.03882183	68.95687022	31.06235811
105.1802224	-2.877325361	69.19226809	31.15112723
105.1601626	-2.716948561	69.42852951	31.23867336
105.1415231	-2.557733937	69.66567578	31.32497963
105.1243027	-2.399723339	69.90371702	31.410029
105.1084827	-2.242957854	70.14263735	31.4938044
105.0940419	-2.087477694	70.38241726	31.57628885
105.0809591	-1.933322095	70.62303711	31.65746556
105.0692131	-1.780529217	70.8644772	31.73731806
105.0587827	-1.629136055	71.1067177	31.81583033
105.0496468	-1.479178347	71.34973874	31.89298687
105.0417842	-1.330690501	71.59352033	31.96877283
105.0351739	-1.183705511	71.83804242	32.04317409
105.0297948	-1.038254891	72.08328486	32.11617735
105.0256257	-0.89436861	72.32922745	32.18777024
105.0226457	-0.752075029	72.57584988	32.25794137
105.0208338	-0.611400845	72.82313179	32.32668041
105.020169	-0.472371042	73.07105275	32.39397818
105.0206304	-0.335008842	73.31959225	32.45982672
105.022197	-0.199335665	73.56872971	32.52421931
105.0248479	-0.065371087	73.81844448	32.58715058
105.0285624	0.066867189	74.06871588	32.6486165
105.0333195	0.197363367	74.31952312	32.7086145
105.0390986	0.326103581	74.57084537	32.76714345
105.0458788	0.453075918	74.82266174	32.82420373
105.0536394	0.578270437	75.07495127	32.87979723
105.0623583	0.701679182	75.32769197	32.93392742
105.0720108	0.82329619	75.58086005	32.98659935
105.0825722	0.9431175	75.83443125	33.03781963
105.0940177	1.061141149	76.08838092	33.08759651
105.1063225	1.177367167	76.34268404	33.13593981
105.1194619	1.291797565	76.59731523	33.18286096
105.1334111	1.404436315	76.85224873	33.22837297
105.1481452	1.515289327	77.10745839	33.27249041
105.1636394	1.624364421	77.36291769	33.31522937
105.1798689	1.731671289	77.61859972	33.35660746
105.1968087	1.837221456	77.87447719	33.39664371
105.2144339	1.941028229	78.13052242	33.43535857
105.2327196	2.043106649	78.38670736	33.47277379
105.2516408	2.143473426	78.64300356	33.50891241
105.2711724	2.242146877	78.89938219	33.54379862
105.2912893	2.339146854	79.15581401	33.57745772
105.3119664	2.434494665	79.41226943	33.60991596
105.3331785	2.528212987	79.66871844	33.64120049
105.3549003	2.62032578	79.92513067	33.67133918
105.3771066	2.710858185	80.18147535	33.70036054
105.3997719	2.799836424	80.43772133	33.72829351
105.4228711	2.887287681	80.69383727	33.75516738
105.4463874	2.973239991	80.94980558	33.78101156
105.4703185	3.057722115	81.20563187	33.80585542
105.4946636	3.140763418	81.46132393	33.82972812
105.5194216	3.222393751	81.7168895	33.85265846
105.5445916	3.302643342	81.97233629	33.87467467
105.5701727	3.381542685	82.22767198	33.8958043
105.5961637	3.45912244	82.48290418	33.91607407
105.6225639	3.535413332	82.7380405	33.93550971
105.649372	3.610446066	82.99308847	33.95413582
105.6765872	3.684251229	83.2480556	33.97197579
105.7042084	3.756859213	83.50294934	33.98905165
105.7322345	3.828300134	83.7577771	34.00538397
105.7606645	3.898603755	84.01254624	34.02099174
105.7894974	3.967799415	84.26726407	34.03589232
105.8187321	4.035915963	84.52193784	34.05010128
105.8483674	4.102981695	84.77657477	34.06363237
105.8784024	4.169024291	85.031182	34.07649744
105.9088358	4.23407076	85.28576663	34.08870635
105.9396667	4.29814739	85.5403357	34.10026689
105.9708938	4.361279693	85.7948962	34.11118479
106.002516	4.423492365	86.04945505	34.12146358
106.0345323	4.484809236	86.3040192	34.13110462
106.0669456	4.545253236	86.55860269	34.14010701
106.0997659	4.604846356	86.81323172	34.14846759
106.1330038	4.663609621	87.06793383	34.1561809
106.1666701	4.721563066	87.32273668	34.16323919
106.2007755	4.77872573	87.57766805	34.16963244
106.2353307	4.835115646	87.83275583	34.17534838
106.2703464	4.890749851	88.08802805	34.18037254
106.3058335	4.945644399	88.34351284	34.18468833
106.3418028	4.999814385	88.59923845	34.18827711
106.3782651	5.053273974	88.85523325	34.19111827
106.4152313	5.10603644	89.11152569	34.1931894
106.4527123	5.158114218	89.36814437	34.19446638
106.4907191	5.209518958	89.62511796	34.19492356
106.5292626	5.260261588	89.88247527	34.19453392
106.5683538	5.310352393	90.14024518	34.19326925
106.6080038	5.35980109	90.39845669	34.19110038
106.6482237	5.40861692	90.65713891	34.18799739
106.6890245	5.456808747	90.91632103	34.18392985
106.7304175	5.504385165	91.17603235	34.17886713
106.7724137	5.55135461	91.43630227	34.17277861
106.8150246	5.597725484	91.69716027	34.16563402
106.8582608	5.643506284	91.95863521	34.15740378
106.9021196	5.688705745	92.22073027	34.1480593
106.9465809	5.733332975	92.48341687	34.13757336
106.9916236	5.777397602	92.74666451	34.12592044
107.0372267	5.820909897	93.01044275	34.11307707
107.0833692	5.863880903	93.27472124	34.09902216
107.1300301	5.906322547	93.53946967	34.0837373
107.1771884	5.948247741	93.8046578	34.06720711
107.2248232	5.989670485	94.07025548	34.04941946
107.2729137	6.030605951	94.3362326	34.03036585
107.3214388	6.07107056	94.60255915	34.01004159
107.3703778	6.111082055	94.86920518	33.98844615
107.4197098	6.150659561	95.13614081	33.96558335
107.469414	6.189823634	95.40333626	33.94146162
107.5194696	6.228596307	95.6707618	33.91609424
107.5698558	6.267001123	95.9383878	33.88949958
107.620552	6.305063157	96.2061847	33.86170127
107.6715374	6.342809033	96.47412303	33.83272842
107.7227913	6.380266928	96.74217339	33.80261581
107.7742931	6.417466571	97.01030648	33.77140408
107.8260221	6.454439227	97.27849307	33.73913989
107.8779577	6.491217673	97.54670404	33.70587607
107.9300795	6.527836168	97.81491005	33.67167177
107.9823758	6.564330407	98.08307138	33.63659262
108.0348452	6.600737477	98.35113478	33.6007108
108.0874874	6.637095796	98.61904579	33.56410519
108.140302	6.673445066	98.88674956	33.52686144
108.1932883	6.709826219	99.15419087	33.48907196
108.246446	6.746281357	99.42131413	33.45083604
108.2997744	6.782853706	99.68806342	33.41225978
108.3532732	6.819587557	99.95438247	33.37345608
108.4069417	6.85652821	100.2202147	33.33454459
108.4607794	6.893721919	100.4855031	33.2956516
108.5147858	6.931215837	100.7501906	33.25690996
108.5689602	6.969057952	101.0142195	33.21845894
108.6233022	7.007297029	101.2775321	33.180444
108.677811	7.045982552	101.5400702	33.14301663
108.7324861	7.085164653	101.8017756	33.10633413
108.7873269	7.124894053	102.0625896	33.07055929
108.8423327	7.165221989	102.3224533	33.03586012
108.8975029	7.206200148	102.5813077	33.00240951
108.9528369	7.247880589	102.8390935	32.97038485
109.0083338	7.290315671	103.0957511	32.93996763
109.0639931	7.33355797	103.3512209	32.91134299
109.1198137	7.377660199	103.6054425	32.88469925
109.1757799	7.422675123	103.8583389	32.86022738
109.2318572	7.468655456	104.1098112	32.83812045
109.2880097	7.515653761	104.3597595	32.818573
109.3442016	7.563722305	104.608084	32.80178035
109.4003971	7.612912916	104.8546853	32.78793791
109.4565602	7.663276796	105.099464	32.77724031
109.5126551	7.714864323	105.3423212	32.76988061
109.5686459	7.767724829	105.5831581	32.76604931
109.6244968	7.821906351	105.8218764	32.76593338
109.6801719	7.877455358	106.0583777	32.76971523
109.7356354	7.934416461	106.2925641	32.77757154
109.7908513	7.992832087	106.5243378	32.78967209
109.8457839	8.052742145	106.7536015	32.80617854
109.9003972	8.114183653	106.9802577	32.82724304
109.9546555	8.177190344	107.2042096	32.85300688
110.0085227	8.241792259	107.4253604	32.88359905
110.0619631	8.308015296	107.6436134	32.91913466
110.1149407	8.375880751	107.8588722	32.95971339
110.1674198	8.445404824	108.0710408	33.00541779
110.2193644	8.516598104	108.280023	33.05631156
110.2707386	8.589465026	108.4857232	33.11243777
110.3215117	8.664003312	108.6880615	33.17381692
110.3717599	8.740203376	108.8872963	33.24044508
110.4216612	8.818047757	109.084007	33.31229197
110.4713976	8.897510593	109.2787863	33.38929925
110.5211513	8.978557184	109.4722269	33.47137909
110.5711042	9.061143641	109.664922	33.55841305
110.6214386	9.145216628	109.857465	33.65025115
110.6723363	9.230713178	110.0504496	33.74671139
110.7239797	9.317560619	110.2444699	33.84757935
110.7765507	9.405676568	110.4401202	33.9526083
110.8302315	9.494969026	110.6379952	34.06151943
110.8852042	9.585336563	110.8386902	34.17400246
110.9416509	9.676668583	111.0428006	34.2897165
110.9997538	9.768845691	111.2509225	34.40829126
111.059695	9.86174014	111.4636525	34.52932848
111.1216568	9.955216378	111.6815876	34.65240371
111.1858211	10.04913168	111.9053254	34.7770684
111.2523702	10.14333688	112.1354641	34.90285222
111.3214862	10.23767718	112.3726025	35.02926579
111.3933512	10.33199306	112.6173399	35.1558036
111.4681473	10.42612133	112.8702764	35.28194733
111.5460565	10.51989614	113.1320124	35.40716945
111.6272525	10.61315027	113.4031221	35.53093711
111.7117253	10.70571635	113.6835871	35.65271632
111.7992853	10.79742821	113.9728086	35.7719763
111.8897354	10.88812213	114.2701626	35.88819363
111.9828783	10.97763807	114.5750235	36.00085617
112.0785167	11.06582069	114.8867648	36.10946667
112.1764532	11.15252044	115.2047584	36.21354603
112.2764901	11.23759434	115.528375	36.3126363
112.3784298	11.32090689	115.8569838	36.40630331
112.4820747	11.40233069	116.189953	36.49413908
112.587227	11.48174708	116.5266492	36.57576383
112.6936887	11.55904668	116.866438	36.65082776
112.8012621	11.63412975	117.208684	36.71901248
112.9097492	11.70690654	117.5527504	36.78003215
113.0189521	11.77729755	117.898	36.83363435
113.1286729	11.8452336	118.2437944	36.87960056
113.2387135	11.91065593	118.5894947	36.91774647
113.3488761	11.97351615	118.9344613	36.94792185
113.4589628	12.03377604	119.2780542	36.97001024
113.5687758	12.09140737	119.6196331	36.98392824
113.6781173	12.14639157	119.9585575	36.98962458
113.7867898	12.19871927	120.2941867	36.98707883
113.8946002	12.24838982	120.6258948	36.97629985
114.0014666	12.2954107	120.9534017	36.95732395
114.1074178	12.33979685	121.2767741	36.93021285
114.2124875	12.38157001	121.5960948	36.89505163
114.3167097	12.42075806	121.9114471	36.85194667
114.4201182	12.45739447	122.2229147	36.80102375
114.522747	12.49151764	122.5305819	36.74242621
114.6246298	12.52317041	122.8345332	36.67631307
114.7258007	12.55239947	123.1348539	36.60285741
114.8262937	12.57925491	123.4316293	36.52224467
114.9261426	12.60378972	123.7249453	36.43467109
115.0253814	12.62605932	124.0148881	36.34034224
115.1240442	12.64612119	124.3015439	36.23947153
115.2221649	12.66403443	124.5849996	36.13227895
115.3197775	12.67985944	124.865342	36.01898968
115.4169161	12.6936575	125.1426585	35.89983296
115.5136146	12.70549054	125.4170364	35.77504091
115.609907	12.71542079	125.6885632	35.64484745
115.7058274	12.72351054	125.9573269	35.5094873
115.8014097	12.7298219	126.2234153	35.36919503
115.896688	12.73441655	126.4869164	35.22420419
115.9916961	12.7373556	126.7479187	35.07474649
116.086467	12.7386994	127.0065092	34.92105107
116.1810187	12.73850738	127.262761	34.7633438
116.2753582	12.73683796	127.5167362	34.60184664
116.3694923	12.73374839	127.7684964	34.43677709
116.4634277	12.72929472	128.0181035	34.26834765
116.5571713	12.72353161	128.2656187	34.09676533
116.6507298	12.71651236	128.5111034	33.92223122
116.7441099	12.70828873	128.7546187	33.74494011
116.8373182	12.69891093	128.9962257	33.5650801
116.9303616	12.68842758	129.2359851	33.38283233
117.0232467	12.67688559	129.4739576	33.19837071
117.1159802	12.66433019	129.7102038	33.01186168
117.2085687	12.65080484	129.9447841	32.82346401
117.3010188	12.63635124	130.1777586	32.63332871
117.3933373	12.62100929	130.4091875	32.44159886
117.4855306	12.60481708	130.6391308	32.24840959
117.5776054	12.58781089	130.8676482	32.05388801
117.6695682	12.57002519	131.0947994	31.85815324
117.7614256	12.55149263	131.3206439	31.66131644
117.8531841	12.53224409	131.5452412	31.46348091
117.9448503	12.51230865	131.7686506	31.26474215
118.0364306	12.49171367	131.9909312	31.06518807
118.1279314	12.47048477	132.2121404	30.86489912
118.2193567	12.4486459	132.4323113	30.66394853
118.3107091	12.42621941	132.651459	30.46240254
118.4019911	12.403226	132.8695979	30.26032068
118.4932051	12.3796849	133.0867425	30.05775597
118.584354	12.35561381	133.3029071	29.85475529
118.6754404	12.33102904	133.5181058	29.65135957
118.7664672	12.30594553	133.7323527	29.44760415
118.8574371	12.2803769	133.945662	29.24351906
118.9483531	12.25433558	134.1580475	29.03912933
119.0392183	12.22783282	134.3695232	28.83445531
119.1300356	12.2008788	134.5801027	28.62951299
119.2208082	12.17348269	134.7897999	28.42431437
119.3115394	12.14565274	134.9986283	28.21886777
119.4022323	12.11739639	135.2066015	28.01317819
119.4928904	12.0887203	135.413733	27.80724769
119.583517	12.05963049	135.6200361	27.60107573
119.6741156	12.03013242	135.8255243	27.39465956
119.7646898	12.0002311	136.0302107	27.18799463
119.8552431	11.96993118	136.2341085	26.98107494
119.9457792	11.93923704	136.4372309	26.77389345
120.0363018	11.90815295	136.6395909	26.56644253
120.126814	11.87668313	136.8411987	26.35871432
120.2173073	11.84483188	137.042023	26.15070118
120.3077638	11.81260373	137.242	25.9423961
120.3981659	11.78000349	137.441065	25.73379309
120.4884954	11.74703641	137.6391527	25.52488756
120.5787344	11.71370824	137.8361981	25.31567664
120.6688649	11.68002532	138.0321354	25.10615945
120.7588686	11.64599468	138.2268991	24.89633742
120.8487276	11.6116241	138.4204229	24.68621447
120.9384235	11.57692215	138.6126407	24.47579726
121.0279382	11.54189829	138.8034861	24.26509532
121.1172533	11.50656288	138.9928923	24.05412117
121.2063505	11.47092726	139.1807925	23.84289047
121.2952114	11.43500372	139.3671195	23.63142205
121.3838175	11.39880557	139.5518061	23.41973797
121.4721505	11.36234715	139.7347847	23.20786346
121.5601919	11.32564381	139.9159877	22.99582696
121.6479229	11.28871194	140.0953471	22.78366001
121.7353252	11.25156893	140.2727949	22.57139715
121.82238	11.21423317	140.448263	22.35907577
121.9090687	11.176724	140.6216828	22.14673597
121.9953726	11.13906168	140.7929858	21.93442032
122.081274	11.10126738	140.962109	21.72217361
122.1667659	11.06336306	141.1290437	21.51004263
122.2518473	11.02537144	141.2938117	21.29807581
122.3365173	10.98731595	141.4564352	21.08632295
122.4207752	10.94922065	141.6169368	20.87483496
122.5046204	10.91111018	141.7753388	20.66366354
122.5880525	10.87300966	141.931664	20.45286098
122.6710711	10.83494468	142.0859352	20.24247985
122.7536762	10.79694119	142.2381753	20.03257277
122.8358675	10.75902545	142.3884073	19.82319223
122.9176453	10.72122399	142.5366544	19.61439031
122.9990096	10.68356349	142.6829399	19.40621846
123.0799608	10.64607078	142.8272873	19.19872737
123.1604993	10.60877272	142.96972	18.99196671
123.2406257	10.57169617	143.1102619	18.78598499
123.3203405	10.53486788	143.2489367	18.58082935
123.3996447	10.49831448	143.3857685	18.37654541
123.478539	10.46206237	143.5207812	18.17317716
123.5570244	10.42613766	143.6539992	17.97076673
123.6351021	10.39056609	143.7854468	17.76935432
123.7127733	10.35537301	143.9151485	17.56897805
123.7900393	10.32058323	144.043129	17.36967384
123.8669023	10.28622102	144.1694139	17.1714753
123.9433733	10.25230999	144.2940379	16.97441363
124.0194682	10.21887305	144.4170411	16.77851752
124.0952029	10.18593232	144.5384636	16.58381311
124.1705935	10.15350908	144.6583458	16.39032387
124.2456558	10.12162373	144.7767281	16.19807062
124.3204061	10.09029573	144.893651	16.00707147
124.3948602	10.05954357	145.0091551	15.8173418
124.4690343	10.0293847	145.1232813	15.62889429
124.5429445	9.999835565	145.2360703	15.44173894
124.6166069	9.970911521	145.3475631	15.25588308
124.6900375	9.942626856	145.4578008	15.07133145
124.7632526	9.914994764	145.5668245	14.88808627
124.8362684	9.888027347	145.6746755	14.7061473
124.909101	9.861735612	145.7813951	14.52551197
124.9817668	9.836129479	145.8870247	14.34617549
125.0542819	9.811217794	145.991606	14.16813098
125.1266626	9.787008349	146.0951805	13.99136961
125.1989254	9.763507904	146.1977898	13.8158808
125.2710864	9.740722216	146.2994759	13.64165238
125.3431622	9.718656076	146.4002807	13.46867079
125.4151691	9.697313352	146.5002459	13.29692131
125.4871227	9.676697032	146.5994098	13.12638828
125.5590281	9.656809277	146.6977683	12.95705535
125.6308846	9.637651478	146.7952929	12.78890576
125.7026912	9.619224302	146.8919545	12.62192253
125.774447	9.601527751	146.9877241	12.45608873
125.8461507	9.5845612	147.0825726	12.29138764
125.9178014	9.568323443	147.1764711	12.12780296
125.9893977	9.552812735	147.2693905	11.96531896
126.0609383	9.538026825	147.3613017	11.80392065
126.1324219	9.523962987	147.4521756	11.64359385
126.203847	9.510618053	147.5419833	11.48432535
126.2752122	9.497988437	147.6306956	11.32610295
126.3465159	9.486070155	147.7182834	11.16891557
126.4177564	9.474858844	147.8047178	11.01275326
126.488932	9.464349779	147.8899695	10.85760726
126.560041	9.454537878	147.9740095	10.70346996
126.6310815	9.445417718	148.0568086	10.55033495
126.7020515	9.43698353	148.1383379	10.39819695
126.7729492	9.429229204	148.218568	10.24705177
126.8437725	9.422148283	148.2974701	10.09689626
126.9145191	9.415733956	148.3750148	9.947728186
126.985187	9.409979049	148.4511731	9.799546167
127.0557752	9.404876004	148.5259213	9.652349524
127.1262915	9.400416867	148.5992747	9.506138148
127.1967475	9.396593269	148.6712647	9.360912354
127.2671546	9.393396404	148.7419228	9.216672743
127.3375241	9.390817021	148.8112804	9.073420072
127.4078673	9.388845414	148.8793689	8.931155142
127.4781955	9.387471412	148.9462194	8.789878694
127.5485197	9.386684378	149.0118633	8.649591317
127.6188509	9.386473211	149.0763316	8.510293374
127.6892002	9.386826348	149.1396554	8.371984934
127.7595782	9.387731773	149.2018655	8.234665716
127.8299958	9.389177024	149.2629929	8.098335055
127.9004637	9.391149212	149.3230683	7.962991865
127.9709924	9.393635034	149.3821222	7.828634627
128.0415924	9.3966208	149.4401853	7.695261381
128.1122742	9.40009245	149.497288	7.562869733
128.183048	9.404035588	149.5534605	7.431456878
128.2539241	9.408435511	149.6087331	7.301019625
128.3249125	9.413277242	149.6631358	7.171554442
128.3960235	9.418545572	149.7166984	7.043057511
128.4672669	9.4242251	149.7694509	6.915524792
128.5386525	9.430300279	149.8214229	6.788952104
128.610189	9.436755462	149.8726405	6.66333521
128.681876	9.443574957	149.9231052	6.538669918
128.7537095	9.450743078	149.972808	6.414952182
128.8256853	9.458244196	150.0217398	6.292178201
128.8977993	9.466062783	150.0698915	6.170344506
128.9700474	9.474183457	150.1172538	6.049448041
129.0424257	9.482591021	150.1638179	5.929486237
129.1149299	9.491270503	150.2095746	5.810457074
129.1875562	9.500207182	150.2545149	5.69235914
129.2603005	9.509386627	150.2986298	5.575191673
129.3331588	9.518794717	150.3419102	5.458954605
129.4061271	9.528417669	150.3843471	5.343648589
129.4792014	9.538242055	150.4259316	5.229275023
129.5523779	9.548254827	150.4666547	5.115836063
129.6256526	9.558443325	150.5065075	5.003334632
129.6990216	9.568795295	150.5454811	4.891774411
129.7724811	9.579298894	150.5835665	4.781159834
129.8460271	9.589942703	150.620755	4.671496065
129.9196557	9.600715725	150.6570377	4.562788972
129.9933633	9.611607393	150.6924057	4.455045092
130.067146	9.622607566	150.7268502	4.348271583
130.1409999	9.633706526	150.7603626	4.242476177
130.2149215	9.644894974	150.7929355	4.137667113
130.2889082	9.656164024	150.8245722	4.033853073
130.3629579	9.667505189	150.8552807	3.931043108
130.4370683	9.678910373	150.8850688	3.829246561
130.5112371	9.690371859	150.9139442	3.728472994
130.5854617	9.701882293	150.9419145	3.628732114
130.6597396	9.71343467	150.9689871	3.530033696
130.7340681	9.725022315	150.9951693	3.432387512
130.8084444	9.736638868	151.020468	3.33580325
130.8828655	9.748278261	151.0448903	3.240290443
130.9573285	9.759934697	151.0684429	3.145858391
131.0318302	9.771602626	151.0911324	3.052516083
131.1063673	9.783276723	151.1129654	2.960272123
131.1809366	9.794951858	151.1339481	2.869134647
131.2555345	9.806623069	151.1540866	2.779111247
131.3301575	9.818285532	151.1733871	2.690208887
131.4048019	9.829934528	151.1918551	2.602433823
131.4794639	9.841565412	151.2094965	2.515791522
131.5541396	9.853173572	151.2263167	2.430286572
131.6288249	9.864754398	151.2423211	2.345922599
131.7035158	9.876303237	151.2575147	2.26270218
131.7782081	9.887815353	151.2719026	2.180626751
131.8528986	9.899285886	151.2854925	2.099696514
131.9275912	9.910709803	151.2983063	2.019910351
132.0022916	9.922081857	151.3103707	1.941265729
132.0770059	9.933396541	151.3217127	1.863758621
132.1517403	9.944648052	151.3323591	1.787383435
132.226501	9.955830255	151.3423372	1.71213295
132.3012944	9.966936649	151.3516744	1.637998262
132.376127	9.97796034	151.3603982	1.564968744
132.4510054	9.988894015	151.3685363	1.493032009
132.5259363	9.999729921	151.3761165	1.422173888
132.6009267	10.01045985	151.383167	1.352378417
132.6759835	10.02107512	151.3897159	1.283627833
132.7511138	10.03156657	151.3957917	1.215902581
132.8263247	10.04192455	151.4014229	1.149181332
132.9016237	10.05213893	151.4066383	1.083441015
132.9770181	10.06219909	151.4114668	1.018656848
133.0525155	10.07209393	151.4159377	0.954802398
133.1281236	10.08181189	151.4200801	0.891849637
133.2038502	10.09134097	151.4239236	0.829769016
133.2797031	10.10066872	151.4274979	0.768529554
133.3556905	10.10978231	151.4308328	0.708098928
133.4318205	10.11866854	151.4339584	0.648443589
133.5081003	10.12731385	151.436901	0.589528877
133.5845318	10.13570442	151.4396666	0.531319158
133.6611154	10.14382615	151.4422544	0.473777958
133.7378512	10.15166475	151.4446637	0.416868103
133.8147396	10.15920578	151.4468937	0.360551846
133.8917806	10.16643467	151.4489435	0.304791008
133.9689746	10.17333681	151.4508123	0.249547096
134.0463216	10.17989758	151.4524992	0.194781438
134.1238221	10.18610238	151.4540032	0.140455298
134.201476	10.19193673	151.4553234	0.086530002
134.2792837	10.19738629	151.4564588	0.032967057
134.3572452	10.20243694	151.4574084	-0.020271737
134.4353609	10.20707481	151.458171	-0.073224169
134.5136307	10.21128637	151.4587456	-0.125927504
134.592055	10.21505848	151.459131	-0.178418375
134.6706339	10.21837843	151.4593261	-0.230732671
134.7493675	10.22123404	151.4593297	-0.282905426
134.8282559	10.22361374	151.4591405	-0.334970722
134.9072994	10.22550657	151.4587572	-0.386961571
134.986498	10.22690231	151.4581785	-0.438909822
135.0658518	10.22779155	151.4574031	-0.490846047
135.1453611	10.22816574	151.4564296	-0.542799449
135.225023	10.22801727	151.4552537	-0.59479775
135.3048196	10.22733957	151.4538561	-0.646867098
135.384728	10.22612717	151.4522121	-0.699031972
135.4647249	10.22437576	151.4502971	-0.751315098
135.5447874	10.22208226	151.4480865	-0.803737378
135.6248924	10.21924484	151.4455558	-0.856317829
135.7050169	10.215863	151.4426801	-0.909073543
135.7851379	10.21193757	151.4394349	-0.962019645
135.8652324	10.20747073	151.4357955	-1.015169275
135.9452773	10.20246601	151.4317371	-1.068533578
136.0252498	10.19692831	151.4272349	-1.122121703
136.1051269	10.19086387	151.4222644	-1.175940819
136.1848856	10.18428025	151.4168005	-1.229996139
136.264503	10.17718631	151.4108187	-1.284290959
136.3439562	10.16959215	151.404294	-1.338826708
136.4232224	10.16150908	151.3972016	-1.393603006
136.5022785	10.15294954	151.3895167	-1.44861774
136.5811018	10.14392704	151.3812145	-1.503867152
136.6596694	10.13445608	151.3722699	-1.559345928
136.7379586	10.12455205	151.3626582	-1.615047316
136.8159464	10.11423113	151.3523545	-1.670963242
136.8936102	10.1035102	151.3413337	-1.727084444
136.9709335	10.09240668	151.3295779	-1.783400616
137.0479238	10.08093843	151.3170954	-1.839900567
137.1245942	10.06912362	151.3039003	-1.896572371
137.2009575	10.05698059	151.2900067	-1.953403519
137.2770269	10.04452775	151.2754287	-2.010381065
137.3528151	10.03178346	151.2601801	-2.067491757
137.428335	10.01876594	151.2442747	-2.124722166
137.5035993	10.00549316	151.2277261	-2.182058803
137.5786209	9.991982799	151.2105477	-2.239488237
137.6534122	9.978252101	151.1927531	-2.296997191
137.7279861	9.964317862	151.1743554	-2.354572645
137.8023549	9.950196346	151.1553678	-2.412201924
137.8765313	9.93590323	151.1358033	-2.46987278
137.9505277	9.921453559	151.1156748	-2.527573469
138.0243565	9.906861706	151.094995	-2.58529282
138.09803	9.892141338	151.0737765	-2.643020296
138.1715605	9.87730539	151.0520319	-2.700746048
138.2449603	9.862366047	151.0297736	-2.758460969
138.3182416	9.847334727	151.0070137	-2.816156732
138.3914164	9.832222081	150.9837645	-2.873825826
138.4644969	9.817037989	150.9600378	-2.93146159
138.5374951	9.801791571	150.9358455	-2.989058232
138.6104213	9.786491196	150.9112005	-3.046610851
138.6832792	9.771144509	150.8861195	-3.104115443
138.756071	9.755758446	150.8606206	-3.161568912
138.8287989	9.740339268	150.834722	-3.218969058
138.9014652	9.724892579	150.808442	-3.276314567
138.9740721	9.709423361	150.781799	-3.333604986
139.0466219	9.693936002	150.7548119	-3.390840691
139.119117	9.678434322	150.7274995	-3.448022846
139.1915596	9.662921612	150.6998807	-3.505153349
139.2639522	9.647400661	150.6719748	-3.562234775
139.3362973	9.631873794	150.6438011	-3.619270298
139.4085971	9.616342908	150.6153792	-3.676263618
139.4808542	9.600809507	150.5867289	-3.733218867
139.553071	9.585274739	150.5578699	-3.790140506
139.6252501	9.569739441	150.5288224	-3.847033221
139.697394	9.554204175	150.4996066	-3.903901793
139.7695052	9.53866927	150.4702429	-3.960750976
139.8415864	9.52313487	150.440752	-4.01758535
139.9136401	9.507600974	150.4111544	-4.074409168
139.9856691	9.492067486	150.3814713	-4.131226198
140.0576758	9.476534258	150.3517237	-4.188039543
140.1296631	9.461001145	150.3219328	-4.244851464
