144.2531109	15.55769095	153.4762545	4.670402229
144.3550751	15.50911035	153.4934857	4.366649635
144.4570209	15.46052617	153.5105899	4.062889222
144.5589453	15.41193241	153.5274784	3.759108379
144.6608451	15.36332026	153.5440622	3.455289431
144.7627174	15.31467825	153.5602517	3.151410464
144.8645591	15.26599241	153.575957	2.847446106
144.9663671	15.21724635	153.5910877	2.543368278
145.0681384	15.16842147	153.6055531	2.239146895
145.16987	15.11949702	153.6192619	1.934750537
145.2715588	15.07045031	153.6321225	1.630147071
145.3732016	15.02125678	153.6440426	1.325304242
145.4747955	14.97189016	153.6549296	1.020190217
145.5763373	14.92232261	153.6646905	0.714774094
145.677824	14.87252483	153.6732314	0.409026366
145.7792525	14.82246618	153.6804584	0.102919351
145.8806197	14.77211487	153.6862766	-0.203572426
145.9819225	14.72143801	153.6905907	-0.510471883
146.0831578	14.67040178	153.6933049	-0.817799083
146.1843225	14.61897157	153.6943225	-1.125570962
146.2854135	14.56711206	153.6935465	-1.433801114
146.3864277	14.51478739	153.690879	-1.742499605
146.487362	14.46196129	153.6862214	-2.051672837
146.5882134	14.40859714	153.6794744	-2.361323446
146.6889785	14.35465821	153.6705379	-2.671450252
146.7896528	14.30010767	153.6593375	-2.982048241
146.8902271	14.24490882	153.6458642	-3.293108588
146.9906916	14.18902512	153.6301196	-3.604618694
147.0910369	14.1324204	153.6121056	-3.916562228
147.1912532	14.07505893	153.5918239	-4.228919166
147.2913313	14.01690557	153.5692765	-4.541665826
147.3912616	13.95792584	153.5444656	-4.854774907
147.4910348	13.89808611	153.5173933	-5.168215518
147.5906416	13.83735366	153.4880622	-5.48195321
147.6900729	13.77569679	153.4564749	-5.795950007
147.7893194	13.71308499	153.4226343	-6.110164426
147.8883722	13.64948898	153.3865435	-6.424551511
147.9872222	13.58488086	153.3482058	-6.739062848
148.0858605	13.51923423	153.3076249	-7.053646587
148.1842783	13.45252427	153.2648046	-7.368247465
148.2824667	13.38472783	153.2197491	-7.682806818
148.380417	13.31582361	153.172463	-7.997262597
148.4781207	13.2457922	153.1229509	-8.311549384
148.575569	13.17461619	153.071218	-8.625598401
148.6727535	13.10228033	153.0172699	-8.939337518
148.7696658	13.02877157	152.9611124	-9.252691266
148.8662975	12.9540792	152.9027516	-9.56558084
148.9626402	12.87819496	152.8421944	-9.877924107
149.0586855	12.80111311	152.7794473	-10.18963561
149.1544171	12.72283059	152.7145084	-10.50062656
149.2498095	12.64334707	152.6473662	-10.81080485
149.3448372	12.56266508	152.5780084	-11.12007508
149.4394744	12.48079007	152.5064237	-11.42833855
149.5336953	12.39773055	152.4326006	-11.73549327
149.6274743	12.31349809	152.3565283	-12.04143403
149.7207856	12.22810745	152.2781964	-12.34605244
149.8136036	12.14157659	152.1975946	-12.64923694
149.9059027	12.05392678	152.1147133	-12.95087288
149.9976571	11.96518258	152.0295432	-13.25084262
150.0888411	11.87537193	151.9420755	-13.54902554
150.1794293	11.78452613	151.8523017	-13.84529817
150.269396	11.6926799	151.7602139	-14.13953428
150.3587155	11.59987139	151.6658046	-14.43160498
150.4473623	11.50614214	151.5690667	-14.72137882
150.5353108	11.41153714	151.4699938	-15.00872193
150.6225356	11.31610476	151.3685797	-15.29349815
150.7090109	11.21989676	151.2648189	-15.57556917
150.7947115	11.12296825	151.1587063	-15.85479469
150.8796116	11.02537767	151.0502375	-16.13103257
150.9636859	10.92718671	150.9394083	-16.40413903
151.046909	10.82846026	150.8262153	-16.67396882
151.1292552	10.72926636	150.7106556	-16.94037542
151.2106998	10.62967613	150.5927276	-17.20321125
151.2912248	10.52976366	150.4724449	-17.4623279
151.3708175	10.4296059	150.3498322	-17.71757635
151.4494655	10.32928264	150.2249156	-17.96880721
151.5271565	10.22887629	150.0977216	-18.21587093
151.6038784	10.12847188	149.9682777	-18.45861808
151.679619	10.02815689	149.8366122	-18.69689955
151.7543662	9.928021102	149.7027539	-18.93056678
151.8281081	9.828156551	149.5667326	-19.15947202
151.9008329	9.728657333	149.4285788	-19.38346857
151.9725287	9.629619487	149.2883236	-19.60241102
152.0431837	9.531140853	149.1459989	-19.81615546
152.1127863	9.433320916	149.0016375	-20.02455975
152.1813249	9.336260651	148.8552726	-20.22748379
152.2487879	9.240062361	148.7069384	-20.42478973
152.3151639	9.144829498	148.5566697	-20.6163422
152.3804413	9.050666488	148.4045019	-20.80200864
152.4446088	8.957678542	148.250471	-20.98165947
152.507655	8.86597146	148.094614	-21.1551684
152.5695686	8.775651424	147.9369681	-21.32241268
152.6303382	8.686824787	147.7775715	-21.48327332
152.6899527	8.599597847	147.6164627	-21.63763541
152.7484007	8.514076613	147.4536811	-21.78538838
152.8056711	8.430366569	147.2892663	-21.92642622
152.8617569	8.348572412	147.1232629	-22.06064781
152.9166866	8.268797799	146.9557497	-22.18795716
152.9705064	8.191145078	146.7868228	-22.30826369
153.0232626	8.11571504	146.6165781	-22.42148248
153.0750013	8.042606678	146.4451112	-22.52753451
153.1257687	7.97191696	146.2725176	-22.62634683
153.1756109	7.903740617	146.0988928	-22.71785282
153.224574	7.838169943	145.9243317	-22.8019923
153.272704	7.775294605	145.7489291	-22.87871169
153.3200467	7.715201471	145.5727797	-22.94796419
153.3666483	7.657974446	145.3959775	-23.00970984
153.4125545	7.603694319	145.2186167	-23.06391562
153.4578113	7.552438623	145.0407909	-23.11055558
153.5024644	7.504281507	144.8625935	-23.14961081
153.5465598	7.459293617	144.6841174	-23.18106956
153.5901432	7.417541991	144.5054554	-23.20492724
153.6332605	7.379089957	144.3266998	-23.22118638
153.6759574	7.343997051	144.1479425	-23.2298567
153.7182797	7.312318936	143.9692752	-23.230955
153.7602732	7.284107339	143.7907891	-23.22450518
153.8019838	7.259409991	143.6125749	-23.21053811
153.8434571	7.238270581	143.4347232	-23.18909163
153.8847389	7.220728715	143.2573239	-23.16021038
153.9258752	7.206819889	143.0804666	-23.12394571
153.9669096	7.196575468	142.9042329	-23.08035559
154.0078786	7.190022674	142.7286782	-23.0295044
154.0488169	7.187184579	142.5538518	-22.97146284
154.0897595	7.188080108	142.3798027	-22.90630771
154.1307412	7.192724037	142.2065795	-22.83412183
154.1717966	7.201127004	142.0342301	-22.75499384
154.2129605	7.213295515	141.862802	-22.66901805
154.2542676	7.229231963	141.692342	-22.57629431
154.2957525	7.248934644	141.5228967	-22.47692784
154.3374498	7.272397776	141.3545121	-22.37102911
154.379394	7.29961153	141.1872336	-22.25871362
154.4216197	7.330562051	141.0211062	-22.14010185
154.4641614	7.3652315	140.8561745	-22.015319
154.5070536	7.403598082	140.6924826	-21.88449493
154.5503306	7.445636088	140.530074	-21.74776396
154.5940268	7.491315943	140.3689918	-21.60526473
154.6381767	7.540604248	140.2092787	-21.45714002
154.6828145	7.593463834	140.0509768	-21.30353667
154.7279746	7.649853818	139.894128	-21.14460532
154.7736912	7.709729661	139.7387735	-20.98050035
154.8199984	7.773043233	139.584954	-20.81137966
154.8669304	7.83974288	139.4327099	-20.63740452
154.9145215	7.909773498	139.2820813	-20.45873943
154.9628055	7.983076608	139.1331074	-20.27555192
155.0118157	8.059590441	138.9858274	-20.08801241
155.0615833	8.139250021	138.8402797	-19.89629401
155.1121396	8.22198726	138.6965029	-19.70057238
155.1635157	8.307731048	138.5545351	-19.50102549
155.2157427	8.396407357	138.4144143	-19.29783352
155.2688519	8.487939342	138.2761782	-19.09117858
155.3228747	8.58224745	138.1398644	-18.88124458
155.3778423	8.679249532	138.0055103	-18.668217
155.433786	8.778860967	137.8731532	-18.45228268
155.4907374	8.880994778	137.7428299	-18.23362961
155.5487278	8.985561769	137.6145773	-18.01244673
155.6077887	9.092470658	137.488432	-17.78892367
155.6679516	9.201628219	137.3644305	-17.5632505
155.7292481	9.312939431	137.242609	-17.33561753
155.7917098	9.426307636	137.1230036	-17.10621503
155.8553683	9.541634702	137.0056503	-16.87523294
155.9202552	9.65882119	136.8905847	-16.64286063
155.9864023	9.777766538	136.7778424	-16.40928658
156.0538414	9.898369246	136.667459	-16.17469812
156.1226041	10.02052707	136.5594695	-15.93928107
156.1927223	10.14413723	136.4539092	-15.70321946
156.2642279	10.26909661	136.350813	-15.46669516
156.3371527	10.39530202	136.2502157	-15.22988755
156.4115281	10.52265038	136.152151	-14.99297316
156.4873618	10.65103898	136.0566141	-14.75612525
156.564628	10.78036575	135.963545	-14.51951351
156.6432981	10.91052947	135.8728796	-14.2833036
156.7233434	11.04143001	135.7845534	-14.04765687
156.8047351	11.17296853	135.6985014	-13.81273002
156.8874439	11.30504769	135.6146586	-13.57867481
156.9714406	11.43757184	135.5329594	-13.34563781
157.0566957	11.57044714	135.453338	-13.11376013
157.1431795	11.70358177	135.3757284	-12.88317726
157.2308619	11.83688603	135.3000641	-12.65401883
157.3197129	11.97027249	135.2262783	-12.4264085
157.4097021	12.10365606	135.1543041	-12.20046376
157.5007987	12.23695415	135.084074	-11.97629591
157.5929721	12.37008668	135.0155203	-11.75400988
157.6861911	12.50297622	134.948575	-11.53370424
157.7804243	12.635548	134.8831698	-11.3154711
157.8756403	12.76772995	134.8192361	-11.09939615
157.9718073	12.89945279	134.7567049	-10.88555865
158.0688932	13.03064996	134.6955069	-10.67403146
158.1668658	13.16125771	134.6355726	-10.4648811
158.2656925	13.29121503	134.576832	-10.25816781
158.3653406	13.42046367	134.5192149	-10.0539457
158.4657772	13.5489481	134.4626508	-9.852262844
158.5669704	13.67661544	134.4070718	-9.653161434
158.6689045	13.80341543	134.3524438	-9.456677963
158.7715744	13.92930037	134.2987544	-9.262843401
158.8749751	14.05422505	134.2459918	-9.071683392
158.9791013	14.17814665	134.1941438	-8.883218436
159.0839481	14.30102474	134.1431982	-8.697464077
159.18951	14.42282116	134.0931429	-8.514431083
159.295782	14.54349999	134.0439654	-8.334125626
159.4027586	14.66302747	133.9956533	-8.156549456
159.5104345	14.78137193	133.948194	-7.981700074
159.6188043	14.89850379	133.9015749	-7.809570904
159.7278625	15.0143954	133.8557832	-7.640151456
159.8376036	15.1290211	133.8108061	-7.473427493
159.948022	15.24235704	133.7666307	-7.309381191
160.059112	15.35438126	133.7232439	-7.147991299
160.1708681	15.4650735	133.6806327	-6.989233295
160.2832845	15.57441527	133.6387839	-6.833079538
160.3963555	15.68238973	133.5976841	-6.679499421
160.5100752	15.78898164	133.5573199	-6.528459519
160.6244379	15.89417736	133.5176779	-6.379923738
160.7394375	15.99796477	133.4787446	-6.233853459
160.8550682	16.10033323	133.4405061	-6.090207681
160.971324	16.20127356	133.4029489	-5.948943164
161.0881989	16.30077796	133.366059	-5.810014567
161.2056859	16.39884003	133.3298226	-5.673374592
161.3237719	16.49545469	133.2942266	-5.538974115
161.4424414	16.59061814	133.2592589	-5.406762331
161.5616791	16.68432787	133.2249075	-5.276686881
161.6814702	16.77658255	133.1911611	-5.148693993
161.8017999	16.86738207	133.1580089	-5.02272861
161.9226538	16.95672741	133.1254403	-4.898734525
162.0440177	17.04462067	133.0934456	-4.776654505
162.165878	17.13106497	133.0620152	-4.656430425
162.288221	17.21606442	133.0311404	-4.53800339
162.4110335	17.29962407	133.0008127	-4.42131386
162.5343027	17.38174986	132.9710242	-4.306301775
162.6580158	17.46244855	132.9417675	-4.192906675
162.7821605	17.54172768	132.9130358	-4.081067816
162.906725	17.61959553	132.8848226	-3.970724292
163.0316975	17.696061	132.8571221	-3.861815148
163.1570666	17.77113363	132.829929	-3.754279494
163.2828213	17.8448235	132.8032385	-3.648056616
163.408951	17.91714116	132.7770463	-3.543086088
163.5354453	17.9880976	132.7513486	-3.439307874
163.6622941	18.05770417	132.7261422	-3.33666244
163.7894877	18.12597253	132.7014245	-3.235090852
163.9170167	18.19291459	132.6771931	-3.134534882
164.0448722	18.25854243	132.6534466	-3.0349371
164.1730473	18.32286827	132.6301862	-2.936240977
164.3015438	18.38590436	132.6074246	-2.838390976
164.4303656	18.447663	132.5851772	-2.741332637
164.5595167	18.5081564	132.5634599	-2.645012659
164.6890012	18.56739673	132.5422882	-2.549378966
164.8188231	18.62539597	132.5216783	-2.454380772
164.9489863	18.68216597	132.501646	-2.359968629
165.0794949	18.73771836	132.4822076	-2.26609447
165.210353	18.79206458	132.4633792	-2.172711642
165.3415645	18.84521578	132.4451773	-2.079774931
165.4731336	18.89718291	132.4276182	-1.987240578
165.6050643	18.94797661	132.4107185	-1.895066285
165.7373607	18.99760731	132.394495	-1.803211217
165.8700268	19.04608513	132.3789643	-1.711635987
166.0030667	19.09341997	132.3641433	-1.620302641
166.1364846	19.13962149	132.3500491	-1.529174633
166.2702845	19.18469912	132.3366986	-1.438216785
166.4044706	19.22866213	132.3241092	-1.347395252
166.5390469	19.27151959	132.312298	-1.256677463
166.6740176	19.31328047	132.3012824	-1.166032068
166.8093868	19.35395364	132.29108	-1.075428868
166.9451586	19.39354795	132.2817082	-0.984838739
167.0813372	19.43207225	132.2731848	-0.894233556
167.2179266	19.46953545	132.2655274	-0.803586093
167.3549222	19.5059466	132.2587399	-0.712869933
167.4923033	19.54131494	132.2528019	-0.622059363
167.6300477	19.57564996	132.24769	-0.531129275
167.7681333	19.60896148	132.2433812	-0.440055081
167.9065381	19.64125965	132.2398524	-0.34881263
168.0452399	19.67255504	132.2370808	-0.257378142
168.1842169	19.70285866	132.2350435	-0.165728153
168.3234473	19.73218197	132.2337179	-0.073839466
168.4629094	19.76053696	132.2330812	0.018310886
168.6025813	19.78793607	132.2331109	0.110745663
168.7424416	19.81439231	132.2337846	0.20348743
168.8824688	19.83991919	132.23508	0.296558565
169.0226413	19.86453072	132.2369748	0.389981252
169.1629379	19.88824144	132.2394469	0.483777455
169.3033373	19.91106638	132.2424743	0.5779689
169.4438183	19.93302102	132.246035	0.672577026
169.5843598	19.9541213	132.2501072	0.767622938
169.7249409	19.97438353	132.2546692	0.863127345
169.8655406	19.99382442	132.2596994	0.959110487
170.0061381	20.01246094	132.2651762	1.05559205
170.1467126	20.03031035	132.2710783	1.152591072
170.2872436	20.04739008	132.2773844	1.250125839
170.4277104	20.06371768	132.2840733	1.348213764
170.5680929	20.07931075	132.2911245	1.446871263
170.708383	20.09418683	132.2985369	1.546113615
170.8485867	20.10836335	132.306333	1.64595482
170.988711	20.12185752	132.3145371	1.746407452
171.1287631	20.13468626	132.3231735	1.847482536
171.2687504	20.14686613	132.332267	1.949189409
171.4086802	20.15841324	132.3418427	2.051535618
171.5485601	20.1693432	132.3519259	2.154526801
171.6883979	20.17967106	132.3625422	2.258166596
171.8282014	20.18941125	132.3737176	2.36245655
171.9679785	20.19857754	132.3854781	2.467396041
172.1077373	20.207183	132.3978502	2.572982206
172.247486	20.21523994	132.4108608	2.679209883
172.387233	20.2227599	132.4245368	2.786071557
172.5269868	20.2297536	132.4389054	2.893557325
172.6667559	20.23623094	132.4539944	3.00165486
172.8065491	20.24220098	132.4698313	3.110349394
172.9463752	20.24767192	132.4864445	3.219623706
173.0862432	20.25265108	132.5038621	3.329458124
173.2261623	20.25714495	132.5221129	3.439830533
173.3661417	20.26115913	132.5412256	3.550716403
173.5061907	20.26469839	132.5612294	3.662088813
173.6463189	20.26776666	132.5821537	3.773918505
173.786536	20.27036707	132.604028	3.886173932
173.9268511	20.27250197	132.6268812	3.998821329
174.0672646	20.27417295	132.6507242	4.111824789
174.2077695	20.27538088	132.6755536	4.22514635
174.3483588	20.27612599	132.7013659	4.338746079
174.4890255	20.27640782	132.7281574	4.452582159
174.6297625	20.27622535	132.7559245	4.566610969
174.7705629	20.27557695	132.7846639	4.680787165
174.9114197	20.27446046	132.8143722	4.795063754
175.0523259	20.27287319	132.845046	4.909392176
175.1932747	20.27081198	132.8766822	5.023722369
175.3342591	20.26827318	132.9092776	5.138002849
175.4752722	20.26525272	132.9428291	5.252180778
175.6163073	20.26174611	132.9773336	5.36620203
175.7573574	20.25774843	133.0127883	5.480011266
175.8984159	20.25325441	133.0491902	5.593551994
176.0394758	20.24825842	133.0865366	5.706766644
176.1805305	20.24275446	133.1248245	5.819596627
176.3215733	20.23673622	133.1640515	5.931982408
176.4625973	20.23019706	133.2042147	6.043863567
176.6035961	20.22313002	133.2453116	6.155178868
176.7445628	20.21552788	133.2873397	6.265866325
176.8854908	20.20738311	133.3302965	6.375863271
177.0263736	20.19868788	133.3741796	6.485106426
177.1672046	20.18943414	133.4189866	6.593531963
177.3079774	20.17961352	133.4647139	6.701075584
177.4486875	20.16921742	133.5113497	6.807672588
177.5893306	20.15823697	133.5588794	6.913257942
177.7299023	20.14666304	133.6072881	7.01776635
177.8703978	20.13448627	133.6565604	7.121132319
178.0108121	20.12169701	133.7066808	7.223290219
178.1511399	20.10828541	133.7576333	7.32417434
178.2913757	20.09424135	133.809402	7.42371895
178.4315136	20.07955447	133.8619702	7.521858344
178.5715476	20.06421418	133.9153214	7.618526898
178.7114714	20.04820964	133.9694384	7.713659107
178.8512785	20.03152977	134.024304	7.807189634
178.9909618	20.01416327	134.0799007	7.899053349
179.1305145	19.99609858	134.1362105	7.989185366
179.2699291	19.9773239	134.1932153	8.077521075
179.4091979	19.95782719	134.2508968	8.163996181
179.5483132	19.93759615	134.3092362	8.248546727
179.6872668	19.91661823	134.3682146	8.331109123
179.8260502	19.8948806	134.4278127	8.411620173
180.0353451	19.87237279	134.488011	8.490017096
180.103072	19.84909441	134.5487898	8.566237546
180.2412922	19.8250448	134.610129	8.640219632
180.3793062	19.80021259	134.6720083	8.711901931
180.5171044	19.77458348	134.7344072	8.781223506
180.6546786	19.74814284	134.7973045	8.848123915
180.7920271	19.72087568	134.8606782	8.912543223
180.9291497	19.69276663	134.9245059	8.974422012
181.066046	19.66379994	134.988765	9.033701382
181.2027156	19.63395948	135.0534332	9.090322962
181.339158	19.60322867	135.1184878	9.144228906
181.4753726	19.57159053	135.183906	9.195361897
181.6113588	19.53902765	135.2496651	9.243665145
181.747116	19.50552221	135.3157422	9.289082387
181.8826434	19.47105595	135.3821145	9.331557877
182.0179402	19.43561017	135.448759	9.371036387
182.1530056	19.39916578	135.5156525	9.407463198
182.2878386	19.36170324	135.582772	9.440784094
182.4224382	19.32320265	135.6500943	9.470945353
182.5568035	19.28364368	135.7175962	9.497893741
182.6909331	19.24300565	135.7852544	9.5215765
182.8248262	19.20126753	135.8530454	9.541941342
182.9584812	19.15840794	135.9209459	9.558936438
183.0918971	19.11440519	135.9889325	9.572510408
183.2250724	19.06923732	136.0569815	9.582612313
183.3580056	19.02288211	136.1250694	9.589191644
183.4906954	18.97531713	136.1931725	9.592198317
183.6231403	18.92651975	136.2612673	9.591582659
183.7553385	18.87646722	136.32933	9.587295405
183.8872861	18.82513666	136.3973395	9.579287688
184.018974	18.77250516	136.4652811	9.567511038
184.1503921	18.71854978	136.5331406	9.551917374
184.2815302	18.66324763	136.6009036	9.532459013
184.4123782	18.60657589	136.6685555	9.509088675
184.5429258	18.54851188	136.7360815	9.4817595
184.6731625	18.48903307	136.8034664	9.450425067
184.803078	18.42811716	136.8706948	9.415039419
184.9326617	18.3657421	136.9377513	9.375557094
185.061903	18.30188616	137.00462	9.331933163
185.1907911	18.23652793	137.0712849	9.284123274
185.3193153	18.16964643	137.1377298	9.232083696
185.4474648	18.10122107	137.2039383	9.175771377
185.5752285	18.03123178	137.2698937	9.115144002
185.7025957	17.959659	137.335579	9.050160064
185.829555	17.88648372	137.4009773	8.980778927
185.9560955	17.81168756	137.4660712	8.906960912
186.0822059	17.73525279	137.5308432	8.828667378
186.2078749	17.65716237	137.5952756	8.745860811
186.3330911	17.57740001	137.6593505	8.658504922
186.4578433	17.4959502	137.7230497	8.566564748
186.5821199	17.41279827	137.786355	8.470006759
186.7059093	17.32793042	137.8492477	8.368798977
186.8291999	17.24133376	137.9117088	8.26291109
186.9519773	17.15299638	137.9737063	8.152314583
187.074224	17.06290737	138.0351955	8.036982866
187.1959229	16.97105687	138.096131	7.916891399
187.3170566	16.8774361	138.156468	7.792017815
187.4376079	16.78203744	138.2161613	7.66234204
187.5575597	16.68485441	138.2751662	7.527846399
187.6768949	16.58588173	138.3334381	7.388515727
187.7955965	16.48511537	138.3909324	7.244337473
187.9136475	16.38255254	138.4476046	7.09530179
188.031031	16.27819176	138.5034105	6.941401637
188.1477303	16.17203285	138.558306	6.782632859
188.2637285	16.06407698	138.6122471	6.618994275
188.379009	15.95432668	138.6651897	6.450487757
188.4935552	15.84278586	138.7170903	6.277118304
188.6073505	15.72945984	138.767905	6.098894112
188.7203784	15.61435535	138.8175905	5.915826642
188.8326226	15.49748057	138.8661033	5.727930682
188.9440666	15.3788451	138.9134002	5.535224401
189.0546943	15.25846003	138.959438	5.337729409
189.1644893	15.1363379	139.0041737	5.135470803
189.2734356	15.01249273	139.0475644	4.928477209
189.381517	14.88694005	139.0895674	4.716780833
189.4887176	14.75969683	139.1301401	4.500417484
189.5950213	14.63078158	139.1692396	4.279426621
189.7004114	14.50021428	139.2068213	4.053851368
189.8048706	14.3680164	139.242839	3.823738545
189.9083817	14.23421091	139.2772466	3.589138685
190.0109277	14.09882224	139.3099982	3.350106039
190.1124914	13.96187633	139.3410482	3.106698586
190.2130558	13.82340054	139.3703509	2.858978029
190.312604	13.68342371	139.397861	2.607009785
190.4111192	13.54197611	139.4235332	2.350862971
190.5085846	13.39908939	139.4473226	2.090610383
190.6049833	13.25479664	139.4691842	1.826328463
190.7002987	13.10913226	139.4890734	1.558097266
190.7945143	12.96213204	139.5069455	1.286000413
190.8876133	12.81383302	139.5227564	1.010125043
190.9795793	12.66427356	139.5364618	0.730561751
191.0703959	12.51349321	139.5480178	0.447404523
191.1600465	12.36153274	139.5573805	0.160750662
191.2485149	12.20843405	139.5645065	-0.129299298
191.3357847	12.05424014	139.5693523	-0.422641682
191.4218396	11.89899505	139.5718748	-0.719169773
191.5066634	11.74274381	139.572031	-1.018773924
191.5902398	11.58553239	139.5697781	-1.321341673
191.6725528	11.42740761	139.5650736	-1.626757876
191.7535861	11.26841709	139.5578751	-1.934904838
191.8333255	11.10860917	139.5481444	-2.245662465
191.9117706	10.94803286	139.5358708	-2.558908418
191.9889268	10.78673771	139.521056	-2.87451827
192.0647998	10.62477379	139.5037018	-3.192365662
192.1393949	10.46219159	139.4838093	-3.512322446
192.2127174	10.29904196	139.4613798	-3.834258824
192.2847724	10.13537607	139.4364141	-4.158043481
192.3555649	9.971245315	139.4089129	-4.483543707
192.4251	9.806701304	139.3788766	-4.810625517
192.4933823	9.641795784	139.3463054	-5.139153761
192.5604167	9.476580603	139.3111992	-5.468992238
192.6262078	9.311107671	139.2735578	-5.800003793
192.6907601	9.145428916	139.2333806	-6.132050421
192.754078	8.979596247	139.190667	-6.46499336
192.8161659	8.813661526	139.1454159	-6.798693185
192.8770282	8.647676533	139.0976261	-7.1330099
192.9366689	8.481692935	139.0472962	-7.467803026
192.9950923	8.315762264	138.9944245	-7.802931686
193.0523024	8.149935888	138.9390091	-8.138254697
193.1083032	7.984264988	138.8810479	-8.473630651
193.1630986	7.818800538	138.8205384	-8.808918005
193.2166927	7.653593282	138.7574781	-9.143975169
193.269089	7.488693715	138.6918641	-9.478660591
193.3202916	7.324152064	138.6236934	-9.812832854
193.3703038	7.16001827	138.5529652	-10.14635076
193.4191284	6.996341973	138.4796866	-10.47907344
193.466768	6.833172489	138.4038661	-10.81086044
193.5132252	6.670558798	138.3255122	-11.14157181
193.5585027	6.508549521	138.2446338	-11.47106821
193.6026031	6.347192904	138.1612394	-11.799211
193.6455294	6.186536801	138.075338	-12.12586233
193.6872841	6.026628648	137.9869385	-12.45088526
193.72787	5.867515448	137.8960498	-12.7741438
193.7672902	5.709243743	137.802681	-13.09550306
193.8055472	5.551859595	137.7068412	-13.41482932
193.8426442	5.395408561	137.6085398	-13.73199015
193.878584	5.239935663	137.507786	-14.04685448
193.9133695	5.085485366	137.4045893	-14.35929272
193.9470037	4.932101542	137.2989592	-14.66917689
193.9794897	4.779827444	137.1909053	-14.97638068
194.0108304	4.628705669	137.0804372	-15.28077962
194.041029	4.478778126	136.9675649	-15.58225117
194.0700886	4.330085995	136.8522981	-15.88067482
194.0980123	4.182669688	136.7346469	-16.17593226
194.1248032	4.036568807	136.6146214	-16.46790749
194.1504646	3.891822101	136.4922318	-16.75648697
194.1749997	3.748467413	136.3674884	-17.04155973
194.1984117	3.606541635	136.2404018	-17.32301757
194.2207085	3.466080653	136.1109942	-17.60075517
194.2419067	3.327119289	135.979311	-17.87467028
194.2620237	3.189691254	135.8454	-18.14466384
194.2810772	3.053829089	135.7093094	-18.41064019
194.2990849	2.919564122	135.5710874	-18.67250712
194.3160644	2.78692642	135.430782	-18.93017607
194.3320333	2.655944744	135.2884418	-19.18356223
194.3470095	2.526646516	135.144115	-19.43258464
194.3610107	2.399057774	134.9978502	-19.6771663
194.3740546	2.273203142	134.849696	-19.91723428
194.3861589	2.149105798	134.6997008	-20.1527198
194.3973416	2.026787442	134.5479136	-20.3835583
194.4076204	1.906268269	134.3943829	-20.60968952
194.417013	1.787566948	134.2391577	-20.83105758
194.4255375	1.670700594	134.0822867	-21.04761104
194.4332116	1.555684753	133.9238189	-21.25930292
194.4400531	1.44253338	133.7638032	-21.46609079
194.4460799	1.331258824	133.6022886	-21.66793676
194.4513099	1.221871818	133.4393241	-21.86480758
194.4557609	1.114381459	133.2749588	-22.0566746
194.4594508	1.008795209	133.1092416	-22.24351383
194.4623975	0.905118879	132.9422217	-22.42530595
194.4646188	0.803356626	132.7739481	-22.60203629
194.4661326	0.703510952	132.6044699	-22.77369488
194.4669574	0.605582697	132.433837	-22.94027642
194.4671124	0.509571046	132.2620998	-23.10178024
194.4666171	0.415473525	132.0893087	-23.25821034
194.4654906	0.323286013	131.915514	-23.40957534
194.4637524	0.233002744	131.7407656	-23.55588845
194.4614217	0.144616324	131.5651132	-23.69716742
194.4585177	0.058117738	131.3886066	-23.83343454
194.4550598	-0.026503629	131.211295	-23.96471655
194.4510672	-0.109259977	131.0332276	-24.0910446
194.4465591	-0.190165067	130.8544532	-24.21245418
194.4415548	-0.269234198	130.6750205	-24.32898508
194.4360736	-0.346484181	130.494978	-24.44068128
194.4301345	-0.421933309	130.3143738	-24.5475909
194.4237568	-0.495601321	130.1332559	-24.64976608
194.4169597	-0.567509373	129.9516719	-24.74726293
194.4097623	-0.637679995	129.7696692	-24.84014139
194.4021837	-0.706137051	129.5872951	-24.92846515
194.3942431	-0.772905693	129.4045964	-25.01230151
194.3859595	-0.838012317	129.2216198	-25.0917213
194.3773521	-0.901484509	129.0384117	-25.16679873
194.3684398	-0.96335099	128.8550181	-25.23761124
194.3592418	-1.023641564	128.6714849	-25.30423939
194.3497771	-1.08238705	128.4878576	-25.36676672
194.3400638	-1.139619222	128.3041801	-25.42527954
194.3301118	-1.195370742	128.12048	-25.47986684
194.3199261	-1.249675087	127.9367759	-25.53062008
194.3095115	-1.302566485	127.7530862	-25.57763302
194.2988729	-1.354079848	127.569429	-25.62100162
194.2880151	-1.404250707	127.3858225	-25.66082382
194.2769431	-1.453115152	127.2022849	-25.69719941
194.2656615	-1.500709773	127.0188341	-25.73022989
194.2541753	-1.547071601	126.8354881	-25.76001832
194.2424892	-1.592238054	126.6522647	-25.78666916
194.230608	-1.63624688	126.4691817	-25.81028816
194.2185364	-1.679136109	126.2862569	-25.83098217
194.2062792	-1.720943996	126.1035077	-25.84885905
194.1938411	-1.761708978	125.9209517	-25.8640275
194.1812268	-1.801469621	125.7386065	-25.87659696
194.1684411	-1.840264574	125.5564893	-25.88667742
194.1554885	-1.878132524	125.3746173	-25.89437931
194.1423737	-1.915112148	125.1930079	-25.89981341
194.1291015	-1.951242072	125.011678	-25.90309062
194.1156763	-1.986560825	124.8306447	-25.90432191
194.1021028	-2.021106795	124.649925	-25.90361814
194.0883855	-2.054918189	124.4695356	-25.90108992
194.0745291	-2.088032988	124.2894932	-25.89684749
194.0605381	-2.120488907	124.1098147	-25.89100055
194.0464162	-2.152323352	123.9305137	-25.88365817
194.0321634	-2.183573378	123.7515876	-25.87492857
194.0177775	-2.214275649	123.5730272	-25.86491904
194.0032568	-2.244466401	123.3948232	-25.85373577
193.9885994	-2.274181402	123.2169663	-25.84148374
193.9738033	-2.303455926	123.0394472	-25.82826658
193.9588668	-2.332324713	122.8622563	-25.81418648
193.9437879	-2.360821947	122.6853842	-25.79934405
193.9285648	-2.388981227	122.5088213	-25.78383827
193.9131956	-2.416835539	122.332558	-25.76776636
193.8976783	-2.44441724	122.1565846	-25.75122368
193.8820112	-2.471758028	121.9808913	-25.73430371
193.8661923	-2.498888931	121.8054682	-25.71709791
193.8502199	-2.525840282	121.6303057	-25.69969569
193.834092	-2.552641708	121.4553936	-25.68218433
193.8178067	-2.579322112	121.2807221	-25.66464892
193.8013622	-2.605909657	121.106281	-25.64717234
193.7847567	-2.63243176	120.9320604	-25.62983513
193.7679883	-2.658915073	120.75805	-25.61271555
193.751055	-2.685385479	120.5842396	-25.59588945
193.7339552	-2.711868076	120.410619	-25.57943028
193.7166868	-2.738387176	120.2371779	-25.56340903
193.6992481	-2.764966288	120.0639058	-25.54789423
193.6816372	-2.791628119	119.8907925	-25.53295189
193.6638516	-2.818394563	119.7178268	-25.5186455
193.6458858	-2.845286696	119.5449956	-25.50503599
193.6277337	-2.872324772	119.3722853	-25.49218173
193.6093893	-2.899528222	119.1996822	-25.4801385
193.5908465	-2.926915651	119.027173	-25.46895949
193.5720992	-2.954504842	118.8547441	-25.45869528
193.5531414	-2.982312762	118.6823822	-25.44939385
193.533967	-3.010355564	118.5100741	-25.44110059
193.5145701	-3.038648599	118.3378065	-25.43385825
193.4949444	-3.067206424	118.1655663	-25.42770702
193.4750841	-3.096042816	117.9933404	-25.42268447
193.454983	-3.125170785	117.8211159	-25.41882559
193.4346351	-3.154602588	117.6488798	-25.41616283
193.4140345	-3.184349751	117.4766193	-25.41472605
193.3931751	-3.214423084	117.3043216	-25.41454257
193.3720508	-3.244832703	117.131974	-25.41563723
193.3506558	-3.275588054	116.9595638	-25.41803231
193.3289839	-3.306697937	116.7870785	-25.42174765
193.3070293	-3.338170529	116.6145055	-25.42680063
193.2847859	-3.370013416	116.4418325	-25.43320618
193.2622477	-3.402233616	116.2690471	-25.44097682
193.2394089	-3.434837617	116.0961369	-25.45012272
193.2162633	-3.4678314	115.9230899	-25.46065166
193.1928052	-3.501220479	115.7498937	-25.47256913
193.1690306	-3.535009934	115.5765346	-25.48587831
193.1449393	-3.569204443	115.4029961	-25.50058013
193.1205312	-3.603808323	115.2292614	-25.51667328
193.0958064	-3.638825558	115.0553135	-25.53415427
193.0707648	-3.674259837	114.8811355	-25.55301748
193.0454066	-3.710114582	114.7067102	-25.57325516
193.0197316	-3.74639298	114.5320207	-25.59485753
192.99374	-3.783098012	114.3570497	-25.61781277
192.9674318	-3.82023248	114.1817799	-25.64210714
192.9408071	-3.857799033	114.0061941	-25.66772499
192.9138659	-3.895800192	113.830275	-25.69464885
192.8866083	-3.934238376	113.6540049	-25.72285945
192.8590345	-3.973115919	113.4773665	-25.75233585
192.8311445	-4.012435097	113.3003422	-25.78305546
192.8029384	-4.052198143	113.1229144	-25.81499414
192.7744164	-4.092407266	112.9450653	-25.84812627
192.7455787	-4.133064668	112.7667773	-25.88242484
192.7164253	-4.17417256	112.5880324	-25.91786155
192.6869565	-4.215733174	112.4088128	-25.95440686
192.6571724	-4.257748775	112.2291006	-25.99203012
192.6270733	-4.300221675	112.0488777	-26.03069967
192.5966593	-4.343154237	111.868126	-26.07038294
192.5659307	-4.386548887	111.6868275	-26.11104655
192.5348878	-4.430408118	111.5049643	-26.15265643
192.5035312	-4.474734497	111.3225304	-26.19517795
192.4718622	-4.519530664	111.1395325	-26.23857604
192.4398819	-4.564799338	110.9559784	-26.28281527
192.4075917	-4.610543311	110.7718758	-26.32786004
192.3749927	-4.65676545	110.5872326	-26.3736746
192.3420861	-4.703468689	110.4020569	-26.42022322
192.308873	-4.750656022	110.2163568	-26.46747024
192.2753547	-4.798330498	110.0301407	-26.51538019
192.2415323	-4.846495205	109.8434171	-26.56391786
192.207407	-4.89515326	109.6561945	-26.61304838
192.1729799	-4.944307793	109.4684817	-26.66273727
192.1382521	-4.993961933	109.2802876	-26.71295055
192.1032247	-5.044118785	109.091621	-26.76365477
192.0678988	-5.094781408	108.9024913	-26.81481707
192.0322756	-5.145952799	108.7129077	-26.86640525
191.9963561	-5.197635861	108.5228795	-26.91838778
191.9601413	-5.249833379	108.3324165	-26.97073386
191.9236323	-5.302547988	108.1415281	-27.02341345
191.8868302	-5.355782147	107.9502244	-27.07639729
191.8497359	-5.409538099	107.7585152	-27.12965695
191.8123505	-5.463817842	107.5664106	-27.18316481
191.774675	-5.518623087	107.3739209	-27.2368941
191.7367102	-5.573955219	107.1810565	-27.29081889
191.6984569	-5.629815259	106.9878276	-27.3449141
191.6599103	-5.686203816	106.7942424	-27.39915549
191.6210616	-5.743121047	106.6003073	-27.45351968
191.5819022	-5.800566611	106.4060286	-27.50798407
191.5424233	-5.85853963	106.211413	-27.56252692
191.5026163	-5.917038651	106.0164672	-27.61712725
191.4624724	-5.976061608	105.821198	-27.67176486
191.4219828	-6.035605789	105.6256123	-27.72642029
191.3811389	-6.095667805	105.4297173	-27.78107482
191.3399319	-6.156243559	105.2335201	-27.83571038
191.2983532	-6.217328217	105.0370279	-27.89030959
191.256394	-6.27891619	104.8402482	-27.94485566
191.2140456	-6.341001101	104.6431885	-27.99933239
191.1712994	-6.403575772	104.4458564	-28.05372411
191.1281466	-6.466632204	104.2482595	-28.10801564
191.0845786	-6.530161559	104.0504059	-28.16219223
191.0405866	-6.59415415	103.8523033	-28.2162395
190.9961621	-6.658599426	103.6539598	-28.27014344
190.9512963	-6.723485966	103.4553837	-28.32389027
190.9059805	-6.788801471	103.256583	-28.37746642
190.8602061	-6.854532762	103.0575663	-28.43085849
190.8139645	-6.920665776	102.858342	-28.48405313
190.767247	-6.987185569	102.6589186	-28.53703698
190.720045	-7.05407632	102.4593047	-28.58979664
190.6723502	-7.121321335	102.2595062	-28.64231854
190.6241565	-7.18890306	102.0595136	-28.69458888
190.5754585	-7.256803086	101.8593125	-28.74659355
190.5262508	-7.325002168	101.6588888	-28.79831807
190.4765279	-7.393480232	101.4582283	-28.8497475
190.4262844	-7.462216399	101.2573172	-28.9008664
190.3755147	-7.531188992	101.0561416	-28.95165878
190.3242133	-7.600375562	100.8546879	-29.00210805
190.2723748	-7.669752906	100.6529423	-29.05219695
190.2199935	-7.739297089	100.4508915	-29.1019076
190.167064	-7.808983465	100.2485221	-29.1512214
190.1135806	-7.878786709	100.0458208	-29.20011904
190.0595377	-7.94868084	99.84277457	-29.24858051
190.0049297	-8.018639252	99.6393704	-29.29658508
189.9497509	-8.088634747	99.43559541	-29.34411128
189.8939958	-8.158639567	99.23143686	-29.39113698
189.8376586	-8.228625437	99.0268821	-29.43763934
189.7807337	-8.298563595	98.82191862	-29.48359489
189.7232152	-8.368424841	98.61653404	-29.5289795
189.6650976	-8.438179581	98.41071608	-29.57376851
189.6063749	-8.50779787	98.20445261	-29.6179367
189.5470414	-8.577249467	97.99773158	-29.66145837
189.4870913	-8.646503884	97.7905411	-29.70430744
189.4265188	-8.715530444	97.58286939	-29.74645744
189.3653202	-8.784298343	97.37470972	-29.78788168
189.3034991	-8.852776708	97.16607134	-29.82855326
189.2410604	-8.920934659	96.95696665	-29.8684452
189.1780091	-8.988741376	96.74740798	-29.90753049
189.1143501	-9.056166155	96.53740757	-29.94578218
189.0500884	-9.12317847	96.32697756	-29.98317349
188.985229	-9.189748031	96.11613004	-30.01967783
188.9197768	-9.255844843	95.904877	-30.05526891
188.8537369	-9.32143926	95.69323035	-30.08992078
188.787114	-9.386502046	95.48120192	-30.12360794
188.7199132	-9.451004424	95.26880344	-30.15630535
188.6521395	-9.514918139	95.05604657	-30.18798852
188.5837978	-9.578215506	94.8429429	-30.2186336
188.5148931	-9.640869468	94.62950389	-30.24821736
188.4454302	-9.702853648	94.41574098	-30.27671733
188.3754142	-9.764142404	94.20166546	-30.30411178
188.30485	-9.824710882	93.98728857	-30.33037985
188.2337426	-9.884535069	93.77262147	-30.35550152
188.1620969	-9.943591848	93.55767521	-30.37945771
188.0899178	-10.00185905	93.34246077	-30.40223034
188.0172104	-10.05931552	93.12698904	-30.42380232
187.9439795	-10.11594114	92.91127083	-30.44415764
187.8702302	-10.17171692	92.69531686	-30.46328141
187.7959674	-10.22662503	92.47913778	-30.48115989
187.7212009	-10.28064886	92.26274756	-30.49778055
187.6459505	-10.33377309	92.04616712	-30.51313207
187.5702371	-10.3859837	91.82941809	-30.52720444
187.4940818	-10.43726808	91.61252192	-30.53998894
187.4175054	-10.487615	91.39549993	-30.5514782
187.3405289	-10.53701467	91.17837325	-30.56166619
187.2631732	-10.58545879	90.96116285	-30.57054825
187.185459	-10.63294052	90.74388957	-30.57812111
187.1074073	-10.67945455	90.52657403	-30.58438288
187.0290387	-10.72499705	90.30923675	-30.58933306
186.9503741	-10.76956571	90.09189805	-30.59297254
186.8714342	-10.81315972	89.87457809	-30.59530355
186.7922396	-10.85577976	89.65729689	-30.5963297
186.7128111	-10.89742797	89.4400743	-30.59605593
186.6331693	-10.93810796	89.22293	-30.59448848
186.5533347	-10.97782475	89.00588353	-30.5916349
186.4733279	-11.01658474	88.78895426	-30.58750395
186.3931696	-11.05439566	88.5721614	-30.58210562
186.3128801	-11.09126654	88.35552401	-30.57545106
186.23248	-11.12720766	88.13906098	-30.56755254
186.1519896	-11.16223046	87.92279107	-30.55842339
186.0714295	-11.1963475	87.70673287	-30.54807796
185.9908199	-11.22957235	87.49090479	-30.53653154
185.9101806	-11.26191958	87.27532474	-30.52380029
185.8295187	-11.2934046	87.06000224	-30.50990121
185.7488293	-11.32404361	86.84493915	-30.49485201
185.6681072	-11.35385353	86.63013717	-30.4786711
185.5873472	-11.38285187	86.4155981	-30.46137747
185.5065441	-11.41105671	86.20132388	-30.44299064
185.425693	-11.43848657	85.98731658	-30.42353064
185.3447888	-11.46516038	85.7735784	-30.40301787
185.2638266	-11.49109744	85.56011166	-30.38147311
185.1828015	-11.51631728	85.34691879	-30.35891743
185.1017085	-11.54083971	85.13400237	-30.33537214
185.020543	-11.56468468	84.92136508	-30.31085876
184.9393002	-11.5878723	84.70900975	-30.28539892
184.8579755	-11.61042275	84.49693932	-30.25901439
184.7765642	-11.6323563	84.28515685	-30.23172694
184.6950618	-11.65369321	84.07366552	-30.20355838
184.6134637	-11.67445375	83.86246863	-30.17453047
184.5317656	-11.69465818	83.65156963	-30.14466488
184.4499631	-11.71432668	83.44097206	-30.11398317
184.3680518	-11.73347937	83.23067959	-30.08250671
184.2860275	-11.75213631	83.02069601	-30.0502567
184.203886	-11.77031745	82.81102524	-30.01725409
184.1216231	-11.78804265	82.6016713	-29.98351954
184.0392347	-11.80533165	82.39263835	-29.94907341
183.9567174	-11.82220412	82.18393029	-29.9139357
183.8740725	-11.8386796	81.97554708	-29.87812602
183.7913049	-11.85477756	81.76748614	-29.84166357
183.7084194	-11.87051736	81.55974489	-29.80456708
183.6254207	-11.88591828	81.35232078	-29.76685481
183.5423137	-11.90099951	81.14521123	-29.72854451
183.459103	-11.91578017	80.93841372	-29.6896534
183.3757937	-11.93027928	80.73192572	-29.65019813
183.2923904	-11.94451578	80.52574473	-29.61019481
183.2088979	-11.95850852	80.31986825	-29.56965894
183.1253212	-11.97227627	80.11429381	-29.52860545
183.041665	-11.98583769	79.90901896	-29.48704865
182.9579342	-11.99921135	79.70404124	-29.44500226
182.8741335	-12.0124157	79.49935824	-29.40247936
182.790268	-12.02546908	79.29496754	-29.35949245
182.7063423	-12.03838968	79.09086675	-29.3160534
182.6223613	-12.05119558	78.8870535	-29.27217347
182.53833	-12.06390466	78.68352542	-29.22786334
182.454253	-12.07653465	78.48028017	-29.18313308
182.3701354	-12.0891031	78.27731542	-29.1379922
182.285982	-12.10162732	78.07462887	-29.09244964
182.2017976	-12.11412439	77.87221823	-29.04651378
182.1175872	-12.12661116	77.67008121	-29.00019248
182.0333555	-12.13910415	77.46821557	-28.9534931
181.9491069	-12.15161961	77.26662009	-28.9064225
181.864842	-12.16417342	77.06530051	-28.85898708
181.7805599	-12.1767811	76.86426529	-28.81119281
181.6962596	-12.18945775	76.66352278	-28.76304524
181.61194	-12.20221805	76.46308126	-28.71454953
181.5276001	-12.21507621	76.26294888	-28.66571047
181.4432387	-12.22804592	76.06313369	-28.61653247
181.3588547	-12.24114038	75.86364365	-28.56701962
181.2744466	-12.25437219	75.6644866	-28.51717565
181.1900134	-12.26775339	75.46567029	-28.46700397
181.1055536	-12.2812954	75.26720236	-28.41650767
181.0210658	-12.29500896	75.06909035	-28.3656895
180.9365487	-12.30890417	74.87134169	-28.31455192
180.8520006	-12.3229904	74.67396373	-28.26309704
180.7674201	-12.33727628	74.47696369	-28.21132665
180.6828055	-12.35176969	74.28034871	-28.15924223
180.5981553	-12.36647768	74.08412582	-28.10684488
180.5134676	-12.38140651	73.88830195	-28.05413539
180.4287408	-12.39656157	73.69288392	-28.00111416
180.3439731	-12.41194734	73.49787848	-27.94778122
180.2591626	-12.42756743	73.30329226	-27.89413621
180.1743074	-12.44342446	73.10913179	-27.84017834
180.0894056	-12.45952012	72.9154035	-27.78590639
180.0044552	-12.47585508	72.72211374	-27.73131871
179.9194506	-12.49242896	72.52926529	-27.67641313
179.8343774	-12.50924035	72.33685161	-27.621187
179.7492194	-12.52628675	72.14486466	-27.56563714
179.6639603	-12.54356456	71.95329654	-27.50975979
179.578584	-12.56106907	71.76213947	-27.45355068
179.4930743	-12.57879445	71.57138578	-27.39700491
179.4074149	-12.59673376	71.38102795	-27.34011704
179.3215896	-12.61487895	71.19105853	-27.28288103
179.2355821	-12.63322087	71.00147021	-27.22529027
179.149376	-12.65174931	70.8122558	-27.16733757
179.0629552	-12.67045301	70.6234082	-27.10901518
178.9763031	-12.6893197	70.43492043	-27.05031481
178.8894036	-12.70833614	70.24678563	-26.99122765
178.8022403	-12.72748815	70.05899703	-26.93174438
178.7147966	-12.74676071	69.87154796	-26.87185521
178.6270563	-12.76613797	69.68443188	-26.81154992
178.539003	-12.78560335	69.49764232	-26.75081786
178.45062	-12.80513959	69.31117293	-26.68964805
178.3618911	-12.82472888	69.12501745	-26.62802918
178.2727997	-12.84435287	68.93916971	-26.56594966
178.1833293	-12.86399284	68.75362364	-26.50339771
178.0934634	-12.88362976	68.56837325	-26.44036137
178.0031855	-12.90324443	68.38341266	-26.37682859
177.9124791	-12.92281756	68.19873611	-26.3127873
177.8213392	-12.94232993	68.01434301	-26.24822547
177.7297808	-12.9617625	67.83024172	-26.18313116
177.6378212	-12.98109654	67.64644147	-26.11749264
177.5454776	-13.00031375	67.46295149	-26.05129842
177.4527671	-13.01939638	67.27978095	-25.98453733
177.3597071	-13.03832734	67.09693901	-25.9171986
177.2663148	-13.05709027	66.91443479	-25.8492719
177.1726076	-13.07566967	66.7322774	-25.78074742
177.0786027	-13.09405095	66.55047592	-25.71161592
176.9843176	-13.11222056	66.36903942	-25.64186879
176.8897697	-13.13016599	66.18797693	-25.5714981
176.7949763	-13.14787588	66.00729748	-25.50049665
176.6999551	-13.16534009	65.82701007	-25.42885803
176.6047234	-13.18254968	65.64712368	-25.35657667
176.5092988	-13.19949705	65.46764729	-25.28364787
176.4136989	-13.21617588	65.28858986	-25.21006788
176.3179412	-13.23258125	65.10996032	-25.13583387
176.2220433	-13.24870957	64.93176761	-25.06094408
176.1260229	-13.26455867	64.75402063	-24.98539774
176.0298977	-13.28012777	64.57672831	-24.90919519
175.9336854	-13.2954175	64.39989952	-24.8323379
175.8374037	-13.31042986	64.22354315	-24.75482847
175.7410703	-13.32516825	64.04766807	-24.67667069
175.6447029	-13.33963744	63.87228331	-24.59786956
175.5483139	-13.35384351	63.69740266	-24.51843132
175.4519094	-13.36779387	63.52304559	-24.43836348
175.3554956	-13.38149719	63.34923194	-24.35767481
175.2590784	-13.39496335	63.17598165	-24.27637541
175.162664	-13.40820344	63.0033147	-24.19447663
175.0662584	-13.42122971	62.83125118	-24.11199114
174.9698679	-13.43405549	62.65981124	-24.02893292
174.8734987	-13.44669519	62.48901511	-23.94531718
174.7771571	-13.45916422	62.31888307	-23.86116041
174.6808495	-13.47147895	62.14943552	-23.7764803
174.5845822	-13.48365669	61.98069288	-23.69129573
174.4883617	-13.49571556	61.81267569	-23.60562671
174.3921945	-13.50767452	61.64540453	-23.51949435
174.2960871	-13.51955324	61.47890006	-23.43292075
174.2000463	-13.53137208	61.31318302	-23.34592901
174.1040785	-13.54315203	61.14827421	-23.25854307
174.0081906	-13.55491459	60.9841945	-23.1707877
173.9123893	-13.56668177	60.82096484	-23.08268835
173.8166813	-13.57847596	60.65860625	-22.9942711
173.7210736	-13.59031988	60.49713979	-22.90556251
173.625573	-13.6022365	60.33658663	-22.81658954
173.5301865	-13.61424897	60.17696797	-22.72737939
173.4349211	-13.62638049	60.0183051	-22.63795942
173.3397824	-13.63865426	59.86061639	-22.54835693
173.2447641	-13.6510934	59.70389318	-22.45859909
173.1498528	-13.6637208	59.5481124	-22.36871274
173.0550354	-13.6765591	59.39325076	-22.27872428
172.9602986	-13.68963056	59.23928491	-22.18865952
172.8656287	-13.70295699	59.08619143	-22.09854353
172.7710124	-13.7165597	58.93394684	-22.00840059
172.6764359	-13.73045941	58.78252759	-21.91825404
172.5818855	-13.74467618	58.63191006	-21.82812621
172.4873474	-13.75922938	58.48207055	-21.73803833
172.3928075	-13.77413762	58.3329853	-21.64801047
172.298252	-13.78941871	58.18463049	-21.55806147
172.2036666	-13.8050896	58.03698223	-21.46820889
172.1090371	-13.82116636	57.89001653	-21.37846899
172.0143493	-13.83766417	57.74370937	-21.28885668
171.9195888	-13.85459722	57.59803663	-21.1993855
171.8247409	-13.87197878	57.45297413	-21.11006764
171.7297913	-13.88982111	57.3084976	-21.02091389
171.6347251	-13.90813548	57.16458274	-20.93193373
171.5395276	-13.92693217	57.02120512	-20.84313527
171.444184	-13.94622046	56.87834026	-20.75452532
171.3486793	-13.9660086	56.73596362	-20.66610946
171.2529984	-13.98630389	56.59405055	-20.57789204
171.1571262	-14.00711261	56.45257635	-20.48987628
171.0610486	-14.02844012	56.31152012	-20.40206432
170.9647574	-14.05029082	56.17088251	-20.31445733
170.8682467	-14.07266819	56.03067158	-20.22705557
170.7715105	-14.09557485	55.89089535	-20.13985847
170.6745427	-14.11901256	55.75156188	-20.05286475
170.5773374	-14.14298225	55.61267918	-19.96607246
170.4798887	-14.16748406	55.47425529	-19.87947906
170.3821906	-14.19251737	55.3362982	-19.79308148
170.284237	-14.21808083	55.19881592	-19.70687619
170.1860222	-14.24417239	55.06181645	-19.62085929
170.08754	-14.27078937	54.92530778	-19.53502652
169.9887847	-14.29792843	54.7892979	-19.4493733
169.8897503	-14.32558566	54.65379479	-19.36389485
169.7904309	-14.35375662	54.51880642	-19.27858617
169.6908206	-14.38243634	54.38434076	-19.19344208
169.5909135	-14.41161939	54.25040578	-19.1084573
169.4907037	-14.44129989	54.11700945	-19.02362642
169.3901854	-14.47147162	53.98415972	-18.93894399
169.2893527	-14.50212798	53.85186457	-18.85440448
169.1881998	-14.53326208	53.72013196	-18.77000237
169.0867208	-14.56486679	53.58896984	-18.68573208
168.9849099	-14.59693476	53.45838618	-18.60158805
168.8827612	-14.62945849	53.32838895	-18.51756473
168.7802691	-14.66243036	53.19898613	-18.43365656
168.6774297	-14.69584271	53.07018382	-18.34985798
168.5742469	-14.72968784	52.94198175	-18.26616345
168.470726	-14.76395811	52.81437835	-18.18256742
168.3668727	-14.79864596	52.6873722	-18.09906432
168.2626925	-14.83374395	52.56096199	-18.01564857
168.1581914	-14.86924482	52.43514655	-17.93231456
168.0533752	-14.90514149	52.30992483	-17.84905667
167.9482501	-14.94142712	52.18529593	-17.76586923
167.8428224	-14.97809512	52.06125908	-17.68274656
167.7370983	-15.0151392	51.93781362	-17.59968291
167.6310845	-15.05255334	51.81495906	-17.5166725
167.5247875	-15.09033185	51.69269502	-17.43370952
167.4182141	-15.12846935	51.57102126	-17.35078807
167.3113712	-15.16696081	51.44993769	-17.26790223
167.204266	-15.20580151	51.32944434	-17.18504598
167.0969056	-15.24498709	51.20954139	-17.10221328
166.9892974	-15.28451349	51.09022916	-17.01939799
166.8814489	-15.32437698	50.97150809	-16.93659389
166.7733677	-15.36457411	50.85337877	-16.85379472
166.6650616	-15.40510175	50.73584195	-16.77099409
166.5565385	-15.44595698	50.61889848	-16.68818555
166.4478065	-15.48713716	50.50254938	-16.60536254
166.3388737	-15.52863982	50.38679579	-16.52251842
166.2297485	-15.57046265	50.27163898	-16.4396464
166.1204331	-15.61260348	50.15707923	-16.35673963
166.0109206	-15.65506019	50.04311509	-16.2737911
165.9012032	-15.69783071	49.92974489	-16.19079367
165.791273	-15.74091296	49.81696678	-16.10774008
165.681122	-15.78430481	49.7047788	-16.02462294
165.570742	-15.82800402	49.59317886	-15.94143468
165.4601246	-15.87200825	49.48216473	-15.85816762
165.3492615	-15.91631501	49.37173403	-15.77481391
165.238144	-15.96092159	49.26188426	-15.69136554
165.1267635	-16.00582512	49.15261278	-15.60781438
165.0151111	-16.05102244	49.0439168	-15.52415214
164.9031778	-16.09651017	48.9357934	-15.44037037
164.7909545	-16.14228466	48.82823952	-15.35646051
164.678432	-16.18834194	48.72125196	-15.27241385
164.5656009	-16.23467778	48.61482737	-15.18822156
164.4524517	-16.28128761	48.50896225	-15.1038747
164.3389748	-16.32816656	48.40365298	-15.01936423
164.2251604	-16.37530945	48.29889576	-14.93468103
164.1109985	-16.42271078	48.19468667	-14.8498159
163.9964791	-16.47036476	48.09102162	-14.76475961
163.8815921	-16.51826527	47.98789637	-14.67950289
163.7663271	-16.56640593	47.88530655	-14.59403646
163.6506737	-16.6147801	47.78324761	-14.50835107
163.5346214	-16.66338085	47.68171519	-14.42243754
163.4181655	-16.71220108	47.58071231	-14.33628672
163.3013068	-16.76123345	47.48024948	-14.24988964
163.1840464	-16.81047047	47.38033748	-14.16323742
163.0663851	-16.8599045	47.28098704	-14.07632139
162.9483238	-16.90952778	47.18220883	-13.98913304
162.8298635	-16.95933245	47.08401347	-13.9016641
162.711005	-17.00931058	46.98641155	-13.81390651
162.5917489	-17.05945419	46.88941359	-13.72585245
162.4720961	-17.10975528	46.79303007	-13.63749435
162.3520472	-17.16020583	46.69727143	-13.54882487
162.2316028	-17.21079781	46.60214803	-13.45983694
162.1107636	-17.26152326	46.50767023	-13.37052372
161.9895299	-17.31237424	46.4138483	-13.28087861
161.8679023	-17.36334287	46.3206925	-13.19089523
161.7458813	-17.41442137	46.22821302	-13.10056741
161.6234671	-17.46560205	46.13642001	-13.00988918
161.5006601	-17.51687732	46.04532359	-12.91885472
161.3774606	-17.56823973	45.95493381	-12.82745838
161.2538687	-17.61968198	45.8652607	-12.73569461
161.1298847	-17.67119691	45.77631425	-12.64355796
161.0055087	-17.72277755	45.68810438	-12.551043
160.8807406	-17.77441709	45.600641	-12.45814436
160.7555805	-17.82610895	45.51393395	-12.36485659
160.6300288	-17.87784673	45.42799228	-12.2711742
160.5040899	-17.92962429	45.34281547	-12.17709157
160.3777713	-17.98143569	45.25839662	-12.08260291
160.2510802	-18.03327526	45.17472867	-11.98770222
160.124024	-18.08513759	45.09180447	-11.89238325
159.9966098	-18.13701749	45.00961681	-11.79663945
159.8688446	-18.18891006	44.9281584	-11.70046394
159.7407357	-18.24081063	44.8474219	-11.60384952
159.6122897	-18.29271477	44.7673999	-11.50678859
159.4835137	-18.3446183	44.68808491	-11.40927316
159.3544144	-18.39651725	44.60946939	-11.31129485
159.2249985	-18.44840784	44.53154571	-11.21284486
159.0952726	-18.50028649	44.45430619	-11.11391397
158.9652432	-18.55214978	44.37774308	-11.01449253
158.8349168	-18.60399442	44.30184855	-10.91457051
158.7042996	-18.65581725	44.22661471	-10.81413744
158.5733981	-18.70761515	44.15203361	-10.71318249
158.4422182	-18.75938507	44.07809721	-10.61169447
158.3107662	-18.81112397	44.00479743	-10.50966182
158.1790481	-18.86282879	43.93212609	-10.40707269
158.0470697	-18.91449636	43.86007496	-10.30391498
157.9148369	-18.96612345	43.78863575	-10.20017631
157.7823554	-19.01770662	43.71780008	-10.09584416
157.6496309	-19.06924225	43.64755952	-9.990905853
157.5166645	-19.12072645	43.57790638	-9.885348653
157.3834369	-19.17215504	43.50883673	-9.779159805
157.2499227	-19.22352344	43.44034756	-9.672326617
157.1160964	-19.27482671	43.37243572	-9.564836524
156.9819321	-19.32605948	43.30509788	-9.456677163
156.847404	-19.37721593	43.23833055	-9.347836456
156.712486	-19.42828981	43.17213004	-9.238302689
156.5771517	-19.47927443	43.10649252	-9.128064593
156.4413745	-19.5301627	43.04141397	-9.017111443
156.3051279	-19.58094713	42.97689019	-8.905433143
156.1683847	-19.63161991	42.91291682	-8.793020325
156.031118	-19.68217294	42.84948929	-8.679864453
155.8933003	-19.73259791	42.78660288	-8.565957928
155.7549041	-19.78288638	42.72425265	-8.451294194
155.6159018	-19.83302987	42.66243349	-8.335867857
155.4762652	-19.88301997	42.6011401	-8.219674801
155.3359662	-19.93284846	42.54036698	-8.102712315
155.1949764	-19.98250743	42.48010842	-7.984979218
155.0532672	-20.03198944	42.42035853	-7.866475992
154.9108097	-20.08128768	42.36111119	-7.747204924
154.7675748	-20.13039611	42.30236009	-7.627170244
154.6235332	-20.17930968	42.2440987	-7.506378279
154.4786554	-20.22802452	42.18632028	-7.384837602
154.3329115	-20.27653813	42.12901785	-7.262559191
154.1862965	-20.32484963	42.07220232	-7.139556597
154.0388783	-20.37295998	42.01593741	-7.0158461
153.8907391	-20.42087219	41.96029732	-6.891446864
153.7419619	-20.46859153	41.9053573	-6.766381056
153.592631	-20.51612565	41.85119368	-6.640673941
153.4428318	-20.5634847	41.79788384	-6.514353939
153.2926508	-20.61068146	41.74550626	-6.387452656
153.1421754	-20.6577313	41.69414049	-6.26000488
152.9914945	-20.70465224	41.64386718	-6.132048544
152.8406978	-20.75146491	41.59476805	-6.003624657
152.6898762	-20.79819244	41.54692591	-5.874777196
152.5391219	-20.84486039	41.50042463	-5.745552967
152.388528	-20.89149657	41.45534914	-5.616001433
152.2381886	-20.93813085	41.41178543	-5.486174501
152.0881992	-20.98479493	41.36982049	-5.356126271
151.9386561	-21.03152206	41.32954235	-5.225912755
151.7896567	-21.07834672	41.29104	-5.095591552
151.6412993	-21.12530424	41.25440341	-4.965221488
151.4936835	-21.17243043	41.21972346	-4.834862209
151.3469094	-21.2197611	41.18709193	-4.704573749
151.2010785	-21.26733157	41.15660149	-4.574416043
151.0562927	-21.31517612	41.1283456	-4.444448407
150.9126552	-21.36332746	41.10241853	-4.314728972
150.7702688	-21.411816	41.07891458	-4.185314083
150.629155	-21.46066926	41.05785361	-4.056257651
150.4891805	-21.50991115	41.03911422	-3.927610487
150.3501939	-21.55956125	41.0225586	-3.799419656
150.2120433	-21.60963425	41.00804811	-3.671727881
150.074576	-21.66013936	40.99544337	-3.544573004
149.9376385	-21.71107982	40.98460427	-3.417987511
149.8010768	-21.76245249	40.97539004	-3.291998116
149.6647364	-21.81424749	40.96765926	-3.166625398
149.5284621	-21.86644789	40.96126993	-3.041883512
149.3920983	-21.9190295	40.95607948	-2.917779948
149.2554888	-21.97196074	40.95194479	-2.794315359
149.1184772	-22.0252025	40.94872228	-2.671483445
148.9809065	-22.07870816	40.94626787	-2.5492709
148.8426193	-22.13242362	40.94443703	-2.427657425
148.703458	-22.18628742	40.94308482	-2.306615792
148.5632647	-22.24023092	40.94206589	-2.186111983
148.421881	-22.29417857	40.9412345	-2.066105383
148.2791484	-22.34804821	40.94044456	-1.946549036
148.134908	-22.40175148	40.93954962	-1.827389967
147.9890007	-22.45519429	40.93840288	-1.708569564
147.8412673	-22.50827734	40.93685724	-1.59002403
147.6915483	-22.56089672	40.9347653	-1.471684889
147.539684	-22.61294462	40.93197932	-1.353479561
147.3855225	-22.66431004	40.92835827	-1.235332005
147.2290541	-22.71487963	40.92388329	-1.117163417
147.0703899	-22.76453853	40.91863924	-0.998892957
146.909643	-22.81317118	40.91271268	-0.880438468
146.7469251	-22.86066218	40.90618842	-0.761717168
146.5823461	-22.90689693	40.89914949	-0.642646292
146.416014	-22.95176245	40.89167705	-0.523143709
146.2480353	-22.99514791	40.88385036	-0.4031285
146.0785142	-23.03694535	40.87574677	-0.282521498
145.9075533	-23.07705018	40.86744161	-0.1612458
145.7352532	-23.11536174	40.85900825	-0.039227248
145.5617124	-23.15178378	40.850518	0.083605126
145.3870276	-23.18622493	40.84204012	0.20731868
145.2112932	-23.21859906	40.8336418	0.331976774
145.0346019	-23.24882574	40.82538815	0.457638404
144.8570442	-23.27683051	40.81734217	0.584357872
144.6787084	-23.30254523	40.80956476	0.712184469
144.4996809	-23.32590833	40.80211472	0.841162191
144.3200462	-23.34686508	40.79504874	0.971329476
144.1398863	-23.36536781	40.78842143	1.102718959
143.9592815	-23.38137604	40.7822853	1.235357255
143.77831	-23.39485672	40.77669076	1.369264753
143.5970479	-23.40578428	40.77168619	1.50445544
143.4155691	-23.4141408	40.76731791	1.640936731
143.2339455	-23.41991602	40.76363148	1.778709324
143.0522434	-23.42310749	40.76068387	1.917767069
142.870529	-23.42372048	40.75854136	2.058096857
142.6888716	-23.4217681	40.75727348	2.19967853
142.5073431	-23.41727122	40.756953	2.342484819
142.3260186	-23.41025847	40.75765592	2.486481311
142.1449763	-23.40076615	40.75946153	2.631626436
141.9642972	-23.38883819	40.76245244	2.7778715
141.7840655	-23.37452598	40.76671454	2.925160735
141.6043686	-23.35788826	40.77233705	3.073431392
141.4252967	-23.33899095	40.77941254	3.222613867
141.2469432	-23.31790695	40.78803688	3.372631862
141.0694045	-23.29471586	40.79830927	3.52340259
140.8927801	-23.26950376	40.81033223	3.674837012
140.7171725	-23.24236287	40.82421156	3.826840128
140.5426871	-23.2133912	40.84005631	3.979311297
140.3694324	-23.18269218	40.85797878	4.13214462
140.1975198	-23.15037422	40.87809443	4.285229353
140.0270633	-23.11655021	40.90052186	4.438450384
139.8581801	-23.08133706	40.92538276	4.59168875
139.6909897	-23.04485508	40.95280181	4.744822213
139.5256147	-23.00722742	40.98290663	4.897725888
139.3621799	-22.96857935	41.01582768	5.050272926
139.2008127	-22.92903758	41.05169816	5.202335257
139.0416161	-22.88872951	41.09062462	5.353784393
138.8845356	-22.84778239	41.13254074	5.50449227
138.7294567	-22.80632253	41.1773151	5.65433211
138.5762637	-22.7644745	41.22481486	5.803179242
138.4248392	-22.72236043	41.27490591	5.950911872
138.2750646	-22.6800993	41.32745294	6.097411795
138.12682	-22.63780633	41.38231954	6.242565053
137.9799842	-22.59559243	41.43936822	6.386262537
137.834435	-22.55356362	41.4984605	6.528400529
137.6900488	-22.51182066	41.55945694	6.668881195
137.5467012	-22.47045855	41.62221721	6.807613011
137.4042665	-22.42956621	41.68660013	6.944511144
137.2626183	-22.3892262	41.75246372	7.079497767
137.1216291	-22.34951442	41.81966523	7.212502321
136.9811705	-22.31049996	41.8880612	7.343461722
136.8411132	-22.27224495	41.95750748	7.472320506
136.7013272	-22.23480445	42.02785927	7.599030922
136.5616815	-22.19822645	42.09897115	7.723552962
136.4220445	-22.16255189	42.17069711	7.845854342
136.2822836	-22.12781472	42.24289055	7.965910414
136.1422656	-22.09404205	42.31540434	8.083704033
136.0018566	-22.06125436	42.38809083	8.199225352
135.860922	-22.02946571	42.46080183	8.312471577
135.7193264	-21.99868407	42.5333888	8.423446643
135.5769764	-21.96891166	42.60574604	8.532160849
135.4338823	-21.94014538	42.67787389	8.638630442
135.2900702	-21.91237721	42.74978882	8.742877183
135.1455661	-21.88559461	42.82150747	8.844927921
135.0003963	-21.85978093	42.89304668	8.944814181
134.8545872	-21.83491581	42.96442344	9.042571763
134.7081652	-21.81097552	43.03565495	9.138240363
134.5611567	-21.78793331	43.10675855	9.231863197
134.4135884	-21.76575979	43.17775177	9.323486648
134.2654869	-21.7444232	43.24865233	9.413159925
134.116879	-21.72388976	43.31947811	9.500934732
133.9677916	-21.70412396	43.39024715	9.586864954
133.8182516	-21.6850888	43.46097769	9.671006361
133.6682859	-21.66674614	43.53168811	9.753416316
133.5179217	-21.64905685	43.60239697	9.834153504
133.367186	-21.63198114	43.67312301	9.913277672
133.2161062	-21.61547872	43.74388511	9.990849385
133.0647094	-21.59950905	43.81470234	10.06692979
132.913023	-21.58403153	43.8855939	10.1415804
132.7610743	-21.56900566	43.95657919	10.21486287
132.6088909	-21.55439123	44.02767772	10.28683885
132.4565001	-21.54014848	44.09890919	10.35756974
132.3039296	-21.52623823	44.17029344	10.42711657
132.1512068	-21.51262202	44.24185043	10.49553983
131.9983551	-21.49926221	44.3135976	10.56289932
131.8453911	-21.48612211	44.38554831	10.62925402
131.6923309	-21.47316605	44.45771563	10.69466199
131.5391907	-21.46035949	44.53011283	10.7591802
131.3859865	-21.44766906	44.60275327	10.82286452
131.2327347	-21.43506269	44.67565047	10.88576952
131.0794515	-21.42250963	44.74881808	10.94794847
130.9261531	-21.4099805	44.82226987	11.00945321
130.7728559	-21.39744738	44.89601978	11.0703341
130.6195763	-21.38488382	44.97008183	11.13063995
130.4663305	-21.37226488	45.04447022	11.19041798
130.3131352	-21.35956717	45.11919923	11.24971375
130.1600066	-21.34676886	45.19428331	11.30857116
130.0069612	-21.33384968	45.26973701	11.36703239
129.8540156	-21.32079097	45.345575	11.42513786
129.7011862	-21.30757562	45.42181209	11.48292629
129.5484896	-21.29418812	45.49846321	11.5404346
129.3959423	-21.28061449	45.57554338	11.59769799
129.2435608	-21.26684232	45.65306777	11.65474989
129.0913618	-21.25286069	45.73105165	11.71162201
128.9393617	-21.23866017	45.80951041	11.76834435
128.7875771	-21.22423276	45.88845954	11.82494524
128.6360247	-21.20957183	45.96791467	11.88145136
128.4847207	-21.19467213	46.04789119	11.9378878
128.3336754	-21.17952963	46.12839633	11.99427813
128.1828926	-21.16414155	46.20942871	12.05064439
128.032376	-21.14850622	46.29098675	12.10700722
127.8821291	-21.13262307	46.37306905	12.1633859
127.7321558	-21.11649251	46.45567448	12.21979838
127.5824599	-21.10011588	46.53880208	12.27626135
127.4330453	-21.08349539	46.62245116	12.33279032
127.2839162	-21.06663403	46.70662121	12.38939966
127.1350766	-21.0495355	46.79131196	12.44610262
126.9865307	-21.03220414	46.87652337	12.50291146
126.8382829	-21.01464486	46.9622556	12.55983742
126.6903375	-20.99686304	47.04850905	12.61689086
126.5426989	-20.97886447	47.13528433	12.67408124
126.3953718	-20.96065527	47.22258229	12.7314172
126.2483608	-20.94224181	47.31040397	12.78890665
126.1016705	-20.92363061	47.39875066	12.84655675
125.9553057	-20.90482827	47.48762386	12.90437405
125.8092713	-20.88584142	47.57702531	12.96236446
125.6635723	-20.86667654	47.66695695	13.02053337
125.5182136	-20.84733998	47.75742095	13.07888566
125.3732004	-20.8278378	47.84841971	13.13742578
125.2285377	-20.80817569	47.93995584	13.19615781
125.0842308	-20.7883589	48.03203218	13.25508547
124.9402839	-20.76839213	48.12465164	13.31421225
124.7966911	-20.74827942	48.21781605	13.37354139
124.653442	-20.72802407	48.31152626	13.433076
124.5105256	-20.70762857	48.40578254	13.49281907
124.3679306	-20.68709446	48.50058466	13.55277358
124.2256454	-20.6664223	48.59593182	13.61294248
124.0836583	-20.64561155	48.69182271	13.67332883
123.941957	-20.62466056	48.78825545	13.73393578
123.8005291	-20.60356643	48.88522767	13.79476669
123.6593619	-20.58232501	48.98273644	13.85582511
123.5184424	-20.56093082	49.08077832	13.91711491
123.3777573	-20.53937702	49.17934935	13.97864024
123.237293	-20.51765534	49.27844503	14.04040566
123.0970358	-20.49575608	49.37806036	14.10241612
122.9569715	-20.47366808	49.47818979	14.16467701
122.8170857	-20.45137867	49.5788273	14.22719424
122.6773639	-20.42887368	49.67996632	14.28997421
122.5377911	-20.40613743	49.78159976	14.3530239
122.3983522	-20.38315273	49.88372004	14.41635083
122.2590318	-20.35990088	49.98631905	14.47996316
122.1198142	-20.3363617	50.08938817	14.54386962
121.9806836	-20.31251354	50.19291827	14.6080796
121.8416237	-20.28833333	50.2968997	14.67260311
121.7026182	-20.26379657	50.4013223	14.73745081
121.5636524	-20.23887745	50.50617659	14.80263399
121.4247214	-20.21354884	50.6114586	14.86816457
121.2858232	-20.1877824	50.71716588	14.93405507
121.1469561	-20.16154861	50.82329576	15.00031864
121.0081181	-20.13481683	50.92984532	15.066969
120.8693073	-20.1075554	51.0368114	15.13402044
120.7305218	-20.0797317	51.14419057	15.20148779
120.5917597	-20.0513122	51.25197918	15.26938641
120.4530191	-20.02226257	51.36017331	15.33773215
120.3142982	-19.99254771	51.46876879	15.40654132
120.1755951	-19.96213189	51.57776122	15.47583066
120.0369079	-19.93097879	51.68714593	15.54561733
119.8982346	-19.89905161	51.79691801	15.6159188
119.7595734	-19.86631314	51.90707229	15.68675288
119.6209224	-19.83272587	52.01760335	15.75813764
119.4822798	-19.79825208	52.12850554	15.83009136
119.3436436	-19.76285393	52.23977292	15.90263246
119.205012	-19.72649358	52.35139933	15.97577948
119.0663831	-19.68913329	52.46337834	16.04955098
118.927755	-19.65073553	52.57570328	16.12396548
118.7891258	-19.61126311	52.68836722	16.19904139
118.6504936	-19.57067925	52.80136299	16.27479693
118.5118567	-19.52894776	52.91468315	16.35125005
118.373213	-19.48603315	53.02832003	16.42841833
118.2345686	-19.44190075	53.14227163	16.50631889
118.0959532	-19.39651683	53.25655431	16.5849683
117.9574014	-19.34984878	53.37118829	16.66438247
117.8189474	-19.30186517	53.48619399	16.74457657
117.6806255	-19.25253591	53.6015921	16.82556492
117.5424695	-19.20183229	53.71740358	16.90736094
117.4045133	-19.14972715	53.83364961	16.98997708
117.2667904	-19.09619486	53.95035168	17.07342471
117.1293344	-19.04121146	54.0675315	17.1577141
116.9921785	-18.98475467	54.18521106	17.24285439
116.8553559	-18.92680398	54.30341265	17.32885346
116.7188994	-18.86734062	54.4221588	17.415718
116.5828419	-18.80634766	54.54147233	17.50345338
116.447216	-18.74380995	54.66137634	17.5920637
116.3120541	-18.67971419	54.78189421	17.68155175
116.1773885	-18.61404888	54.90304963	17.77191898
116.0432514	-18.54680434	55.02486654	17.86316553
115.9096746	-18.47797266	55.14736923	17.95529023
115.7766899	-18.40754768	55.27058223	18.0482906
115.6443291	-18.33552495	55.39453043	18.1421629
115.5126235	-18.26190167	55.51923899	18.23690212
115.3816045	-18.18667665	55.64473339	18.33250208
115.2513033	-18.10985021	55.77103944	18.42895542
115.1217505	-18.03142413	55.89818297	18.52625369
114.992964	-17.95140157	56.02617814	18.62438741
114.8649442	-17.86978693	56.15502287	18.72334612
114.73769	-17.78658583	56.28471405	18.82311851
114.6112007	-17.70180497	56.41524872	18.9236924
114.4854756	-17.61545206	56.54662401	19.02505488
114.360514	-17.52753576	56.67883724	19.12719234
114.2363153	-17.43806562	56.81188584	19.23009052
114.112879	-17.34705197	56.94576735	19.3337346
113.9902047	-17.2545059	57.0804795	19.43810918
113.8682919	-17.16043919	57.21602013	19.54319841
113.7471404	-17.06486426	57.35238721	19.64898598
113.6267499	-16.96779413	57.48957887	19.75545518
113.5071203	-16.86924237	57.62759336	19.86258892
113.3882514	-16.76922308	57.76642909	19.97036978
113.2701432	-16.66775083	57.9060846	20.07878005
113.1527959	-16.56484067	58.04655857	20.18780173
113.0362094	-16.46050809	58.18784983	20.2974166
112.9203839	-16.35476899	58.32995734	20.40760618
112.8053197	-16.24763968	58.47288022	20.51835183
112.6910171	-16.13913689	58.61661773	20.62963469
112.5774765	-16.02927772	58.76116926	20.74143577
112.4646983	-15.91807968	58.90653436	20.85373591
112.352683	-15.80556067	59.05271273	20.96651583
112.2414314	-15.69173898	59.19970415	21.07975611
112.1309474	-15.57663336	59.34750753	21.19343722
112.0212379	-15.46026293	59.49612088	21.30753956
111.9123101	-15.34264731	59.64554213	21.42204338
111.8041715	-15.22380654	59.79576917	21.53692888
111.6968295	-15.10376115	59.94679985	21.65217614
111.5902917	-14.98253216	60.09863196	21.76776516
111.484566	-14.86014113	60.25126327	21.88367586
111.3796604	-14.73661011	60.4046915	21.99988804
111.2755828	-14.61196173	60.55891432	22.11638142
111.1723415	-14.48621917	60.71392938	22.23313558
111.0699449	-14.35940619	60.86973427	22.35013001
110.9684015	-14.23154717	61.02632656	22.46734404
110.8677199	-14.10266709	61.18370379	22.58475689
110.7679089	-13.9727916	61.34186343	22.70234757
110.6689773	-13.84194695	61.50080294	22.82009496
110.5709342	-13.71016011	61.66051976	22.9379777
110.4737887	-13.5774587	61.82101125	23.05597424
110.3775502	-13.44387105	61.9822748	23.17406279
110.282228	-13.30942618	62.1443077	23.29222127
110.1878315	-13.17415385	62.30710728	23.41042736
110.0943706	-13.03808453	62.47067078	23.52865838
110.0018548	-12.90124943	62.63499545	23.64689132
109.9102941	-12.7636805	62.80007849	23.76510282
109.8196985	-12.62541044	62.96591755	23.8832691
109.7300784	-12.48647267	63.13251503	24.00136596
109.6414449	-12.34690138	63.2998764	24.11936871
109.5538087	-12.2067315	63.46800729	24.23725222
109.4671807	-12.06599867	63.63691353	24.35499078
109.3815718	-11.92473927	63.80660109	24.4725582
109.2969928	-11.7829904	63.97707613	24.58992768
109.2134548	-11.64078985	64.14834496	24.70707187
109.1309685	-11.49817607	64.32041408	24.82396281
109.0495449	-11.35518819	64.49329015	24.94057195
108.969195	-11.21186596	64.66698	25.05687012
108.8899297	-11.06824973	64.84149064	25.17282755
108.81176	-10.92438042	65.01682926	25.28841385
108.7346968	-10.78029947	65.19300322	25.40359803
108.6587512	-10.63604882	65.37002007	25.5183485
108.5839342	-10.49167085	65.54788751	25.63263309
108.5102568	-10.34720831	65.72661346	25.74641906
108.43773	-10.20270434	65.90620599	25.85967314
108.3663649	-10.0582023	66.08667338	25.97236156
108.2961726	-9.91374581	66.26802406	26.08445006
108.2271642	-9.769378619	66.45026669	26.19590395
108.1593508	-9.625144553	66.63341008	26.30668814
108.0927435	-9.481087433	66.81746323	26.41676722
108.0273535	-9.33725099	67.00243536	26.52610549
107.9631878	-9.19367878	67.18833276	26.63466702
107.9002364	-9.050414083	67.37514899	26.74241575
107.8384846	-8.907499817	67.56287412	26.84931553
107.777918	-8.764978443	67.75149803	26.95533019
107.718522	-8.622891884	67.94101037	27.06042364
107.6602821	-8.481281442	68.13140061	27.16455991
107.6031837	-8.340187727	68.32265798	27.26770321
107.5472124	-8.199650585	68.51477155	27.36981802
107.4923536	-8.059709037	68.70773017	27.47086912
107.4385929	-7.920401214	68.90152248	27.57082168
107.3859158	-7.781764308	69.09613692	27.6696413
107.3343078	-7.643834514	69.29156176	27.76729406
107.2837544	-7.506646991	69.48778504	27.8637466
107.2342412	-7.370235813	69.68479463	27.95896615
107.1857537	-7.234633936	69.88257816	28.05292058
107.1382775	-7.099873158	70.08112312	28.14557849
107.0917982	-6.965984095	70.28041676	28.23690919
107.0463014	-6.83299615	70.48044616	28.32688282
107.0017725	-6.700937492	70.68119819	28.41547033
106.9581974	-6.569835035	70.88265955	28.50264358
106.9155614	-6.439714425	71.08481671	28.58837534
106.8738504	-6.310600022	71.28765598	28.67263935
106.8330498	-6.182514899	71.49116347	28.75541036
106.7931454	-6.055480828	71.69532509	28.83666416
106.7541246	-5.929518282	71.9001283	28.91637763
106.7159795	-5.804646432	72.10556494	28.99452874
106.6787033	-5.680883152	72.31162747	29.07109664
106.6422889	-5.558245015	72.51830819	29.14606163
106.6067295	-5.436747296	72.72559931	29.21940528
106.5720182	-5.316403971	72.93349289	29.29111039
106.5381482	-5.19722772	73.14198087	29.36116106
106.5051126	-5.079229922	73.35105506	29.42954277
106.4729047	-4.962420656	73.56070713	29.49624236
106.4415179	-4.846808699	73.77092863	29.56124811
106.4109454	-4.732401521	73.98171097	29.62454981
106.3811805	-4.619205284	74.19304543	29.68613874
106.3522167	-4.507224837	74.40492315	29.74600781
106.3240472	-4.39646371	74.61733514	29.80415151
106.2966657	-4.28692411	74.83027227	29.86056606
106.2700654	-4.178606909	75.04372529	29.9152494
106.2442398	-4.071511646	75.25768478	29.96820127
106.2191825	-3.965636507	75.47214121	30.01942326
106.194887	-3.860978325	75.68708491	30.06891887
106.1713467	-3.757532564	75.90250605	30.11669356
106.1485552	-3.65529331	76.11839468	30.16275484
106.126506	-3.554253257	76.3347407	30.2071123
106.1051927	-3.454403697	76.55153388	30.24977766
106.0846089	-3.355734505	76.76876377	30.29076488
106.0647454	-3.258234121	76.98641373	30.3300902
106.0455887	-3.16188954	77.20445668	30.36777216
106.0271249	-3.066686297	77.42286446	30.40383174
106.0093398	-2.972608455	77.64160879	30.43829235
105.9922195	-2.879638596	77.86066131	30.47117988
105.9757499	-2.787757819	78.07999356	30.50252275
105.959917	-2.696945734	78.29957701	30.53235194
105.9447067	-2.60718046	78.51938304	30.560701
105.9301049	-2.518438635	78.73938294	30.58760607
105.9160975	-2.430695413	78.95954792	30.61310588
105.9026704	-2.34392448	79.17984915	30.63724173
105.8898094	-2.25809806	79.4002577	30.66005752
105.8775005	-2.173186937	79.62074458	30.68159968
105.8657293	-2.089160467	79.84128072	30.70191718
105.8544819	-2.005986605	80.06183703	30.72106146
105.8437439	-1.923631926	80.28238433	30.73908643
105.8335013	-1.842061659	80.50289338	30.75604833
105.8237397	-1.761239715	80.72333491	30.77200575
105.8144449	-1.681128727	80.94367959	30.78701952
105.8056028	-1.601690091	81.16389805	30.8011526
105.797199	-1.522884007	81.38396086	30.81447004
105.7892193	-1.444669533	81.60383858	30.8270388
105.7816495	-1.367004633	81.8235017	30.83892771
105.7744754	-1.289846239	82.04292146	30.8502073
105.7676862	-1.213150313	82.26208064	30.86094966
105.7612734	-1.136871909	82.4809711	30.87122831
105.755229	-1.060965246	82.69958505	30.88111806
105.7495444	-0.985383778	82.91791482	30.89069481
105.7442115	-0.910080269	83.13595282	30.90003546
105.739222	-0.835006868	83.35369159	30.90921771
105.7345675	-0.760115189	83.57112373	30.91831992
105.7302398	-0.685356394	83.78824199	30.92742092
105.7262305	-0.610681278	84.00503917	30.9365999
105.7225312	-0.536040358	84.22150819	30.94593618
105.7191338	-0.461383965	84.43764204	30.95550907
105.7160298	-0.386662339	84.65343382	30.96539769
105.7132109	-0.311825732	84.8688767	30.9756808
105.7106687	-0.236824504	85.08396397	30.98643661
105.7083949	-0.161609239	85.29868896	30.99774257
105.7063811	-0.08613085	85.51304511	31.00967523
105.7046189	-0.010340699	85.72702593	31.02230997
105.7030999	0.065809284	85.94062503	31.03572089
105.7018157	0.142366477	86.15383607	31.04998051
105.7007579	0.219377436	86.36665281	31.06515964
105.699918	0.296887755	86.57906907	31.08132711
105.6992876	0.374941935	86.79107876	31.09854957
105.6988582	0.45358323	87.00267585	31.11689124
105.6986243	0.532853501	87.21385856	31.13641372
105.6986049	0.612793063	87.42466153	31.1571757
105.6988321	0.693440525	87.63513808	31.17923277
105.6993378	0.774832652	87.84534171	31.20263717
105.7001541	0.857004228	88.05532584	31.2274376
105.7013129	0.939987937	88.2651439	31.25367905
105.7028462	1.023814248	88.47484924	31.28140263
105.7047861	1.108511323	88.68449519	31.3106454
105.7071643	1.194104926	88.89413504	31.34144031
105.710013	1.280618349	89.10382199	31.37381603
105.7133638	1.368072348	89.31360922	31.4077969
105.7172487	1.45648509	89.52354982	31.44340284
105.7216996	1.54587211	89.73369681	31.48064935
105.7267481	1.636246285	89.94410316	31.5195474
105.7324261	1.727617807	90.15482174	31.56010349
105.7387653	1.819994183	90.36590534	31.60231962
105.7457973	1.913380229	90.57740667	31.64619331
105.7535537	2.007778092	90.78937835	31.69171767
105.7620661	2.103187264	91.00187289	31.73888143
105.7713661	2.199604628	91.21494271	31.78766904
105.7814852	2.297024493	91.42864013	31.83806077
105.7924546	2.395438659	91.64301734	31.89003279
105.8043059	2.494836479	91.85812644	31.94355734
105.8170703	2.595204941	92.07401939	31.99860286
105.8307756	2.696528753	92.2907417	32.05513417
105.8454304	2.798790443	92.50830489	32.11311266
105.8610375	2.901970462	92.72670919	32.17249646
105.8775991	3.006047289	92.94595476	32.23324064
105.8951178	3.110997528	93.16604172	32.29529742
105.9135959	3.216796014	93.38697016	32.35861632
105.9330359	3.323415908	93.60874011	32.42314437
105.9534402	3.430828795	93.83135156	32.48882625
105.9748109	3.539004778	94.05480446	32.55560449
105.9971505	3.647912577	94.27909874	32.62341966
106.0204612	3.757519614	94.50423426	32.69221047
106.0447452	3.867792113	94.73021088	32.76191397
106.0700049	3.978695182	94.95702842	32.83246573
106.0962424	4.090192909	95.18468667	32.90379997
106.1234599	4.202248447	95.41318537	32.97584969
106.1516596	4.314824102	95.64252428	33.04854686
106.1808438	4.42788142	95.8727031	33.12182258
106.2110144	4.541381272	96.10372153	33.19560716
106.2421738	4.655283943	96.33557923	33.26983032
106.274324	4.76954921	96.56827587	33.34442133
106.3074673	4.884136436	96.80181108	33.41930913
106.3416056	4.999004646	97.03618449	33.49442248
106.3767411	5.114112618	97.27139572	33.56969008
106.412876	5.229418965	97.50744434	33.64504074
106.4500093	5.344882218	97.7443239	33.72040351
106.4881329	5.460460914	97.98201457	33.79570778
106.5272382	5.576113673	98.22049471	33.87088346
106.5673162	5.691799283	98.4597427	33.94586107
106.6083582	5.807476764	98.69973693	34.02057184
106.6503554	5.923105448	98.94045579	34.09494785
106.6932989	6.038645037	99.18187768	34.16892208
106.73718	6.15405567	99.42398101	34.24242855
106.7819898	6.269297979	99.66674423	34.31540232
106.8277197	6.384333148	99.91014579	34.38777966
106.8743609	6.499122959	100.1541642	34.459498
106.9219046	6.613629844	100.3987779	34.53049607
106.9703421	6.727816932	100.6439654	34.60071391
107.0196647	6.841648089	100.8897054	34.67009291
107.0698638	6.955087956	101.1359763	34.73857583
107.1209307	7.068101991	101.3827569	34.80610687
107.1728568	7.1806565	101.6300257	34.87263162
107.2256333	7.292718669	101.8777616	34.93809713
107.2792518	7.404256592	102.1259432	35.00245189
107.3337036	7.515239302	102.3745493	35.06564583
107.3889802	7.625636793	102.6235587	35.12763032
107.4450731	7.735420044	102.8729503	35.18835814
107.5019738	7.844561039	103.1227032	35.2477835
107.5596737	7.953032786	103.3727962	35.30586197
107.6181619	8.060809337	103.6232125	35.36255047
107.6774238	8.167865798	103.8739409	35.41780726
107.7374448	8.274178345	104.1249709	35.47159186
107.79821	8.379724228	104.3762919	35.52386505
107.8597051	8.484481778	104.6278935	35.57458884
107.9219154	8.588430401	104.8797654	35.62372639
107.9848266	8.691550577	105.1318973	35.67124203
108.0484243	8.793823849	105.3842789	35.71710118
108.1126943	8.895232814	105.6369002	35.76127033
108.1776224	8.995761101	105.8897512	35.80371704
108.2431947	9.095393356	106.142822	35.84440985
108.3093971	9.194115216	106.3961027	35.88331828
108.3762158	9.291913285	106.6495836	35.92041281
108.443637	9.388775101	106.903255	35.95566481
108.511647	9.484689103	107.1571073	35.98904656
108.5802324	9.579644595	107.4111312	36.02053118
108.6493795	9.67363171	107.6653172	36.05009264
108.7190751	9.766641361	107.9196561	36.07770572
108.7893059	9.858665198	108.1741386	36.10334597
108.8600588	9.949695565	108.4287558	36.12698972
108.9313206	10.03972544	108.6834986	36.14861406
109.0030784	10.12874838	108.9383581	36.16819681
109.0753195	10.21675849	109.1933256	36.18571649
109.1480313	10.30375031	109.4483923	36.20115238
109.2212092	10.38971883	109.7035476	36.2144844
109.2948555	10.47465935	109.9587787	36.22569322
109.3689729	10.55856747	110.2140729	36.23476017
109.4435642	10.64143902	110.4694175	36.24166729
109.5186319	10.72327002	110.7247993	36.24639726
109.5941786	10.80405661	110.9802056	36.2489335
109.6702068	10.88379502	111.2356231	36.24926008
109.746719	10.96248156	111.4910388	36.24736174
109.8237175	11.04011253	111.7464394	36.24322393
109.9012047	11.11668424	112.0018116	36.23683276
109.9791829	11.19219297	112.2571421	36.22817505
110.0576544	11.26663491	112.5124174	36.21723829
110.1366212	11.34000624	112.767624	36.20401068
110.2160857	11.41230301	113.0227483	36.18848112
110.2960497	11.4835212	113.2777766	36.17063923
110.3765153	11.55365669	113.5326952	36.15047533
110.4574845	11.62270528	113.7874903	36.12798049
110.5389591	11.69066267	114.0421479	36.10314651
110.620941	11.75752449	114.2966542	36.07596593
110.7034319	11.82328631	114.550995	36.04643209
110.7864336	11.88794363	114.8051563	36.01453908
110.8699475	11.95149195	115.0591239	35.9802818
110.9539753	12.01392677	115.3128834	35.94365594
111.038517	12.0752436	115.5664194	35.90465805
111.1235618	12.13543804	115.8197092	35.8632855
111.209094	12.19450577	116.0727265	35.81953652
111.2950982	12.2524426	116.3254448	35.77341025
111.3815589	12.30924452	116.5778375	35.72490667
111.4684607	12.36490769	116.8298779	35.67402668
111.5557882	12.41942847	117.0815389	35.62077206
111.6435262	12.47280348	117.3327936	35.56514547
111.7316594	12.52502954	117.5836145	35.50715046
111.8201725	12.57610377	117.8339743	35.44679143
111.9090505	12.62602352	118.0838454	35.38407363
111.9982783	12.67478644	118.3332001	35.31900314
112.0878408	12.72239044	118.5820104	35.25158681
112.1777231	12.76883371	118.8302484	35.18183228
112.2679101	12.81411472	119.0778858	35.1097479
112.3583872	12.85823219	119.3248944	35.03534269
112.4491394	12.90118512	119.5712457	34.95862632
112.540152	12.94297275	119.8169111	34.87960903
112.6314103	12.98359455	120.0618618	34.79830157
112.7228998	13.0230502	120.3060692	34.71471515
112.8146057	13.0613396	120.5495041	34.62886136
112.9065137	13.0984628	120.7921376	34.54075211
112.9986092	13.13441999	121.0339403	34.45039951
113.0908779	13.1692115	121.2748831	34.35781583
113.1833071	13.20283772	121.5149414	34.26301337
113.2758915	13.23529913	121.7541129	34.16600437
113.3686279	13.26659618	121.9924014	34.06680093
113.4615131	13.29672935	122.2298111	33.96541492
113.554544	13.32569904	122.466346	33.86185785
113.6477175	13.3535056	122.7020105	33.75614086
113.7410305	13.38014927	122.9368087	33.64827461
113.8344799	13.40563018	123.1707453	33.53826927
113.9280629	13.4299483	123.4038247	33.42613441
114.0217763	13.45310346	123.6360516	33.311879
114.1156174	13.47509527	123.8674308	33.1955114
114.2095832	13.49592319	124.0979672	33.07703926
114.3036707	13.51558645	124.3276657	32.95646961
114.3978773	13.53408406	124.5565314	32.83380878
114.4922002	13.55141482	124.7845693	32.70906241
114.5866365	13.56757729	125.0117849	32.5822355
114.6811835	13.5825698	125.2381833	32.45333242
114.7758386	13.59639044	125.4637701	32.3223569
114.8705992	13.60903709	125.6885506	32.18931213
114.9654625	13.62050739	125.9125306	32.05420076
115.0604261	13.63079874	126.1357156	31.91702497
115.1554874	13.63990837	126.3581114	31.77778657
115.2506439	13.64783328	126.5797239	31.63648702
115.3458931	13.65457029	126.8005589	31.49312753
115.4412316	13.66011607	127.0206165	31.34770919
115.5366531	13.66446713	127.2398797	31.20023301
115.6321508	13.66761985	127.4583285	31.05070006
115.7277178	13.66957051	127.675943	30.89911158
115.8233471	13.6703153	127.8927031	30.74546904
115.9190318	13.66985035	128.1085886	30.58977425
116.0147648	13.66817178	128.3235792	30.43202949
116.1105389	13.66527565	128.5376546	30.27223754
116.206347	13.66115807	128.7507943	30.11040181
116.3021818	13.65581518	128.9629778	29.94652642
116.398036	13.64924318	129.1741845	29.78061627
116.4939024	13.64143835	129.3843937	29.61267712
116.5897734	13.63239712	129.5935847	29.4427157
116.6856416	13.62211602	129.8017364	29.27073972
116.7814994	13.61059181	130.008828	29.09675802
116.8773393	13.5978214	130.2148384	28.92078056
116.9731536	13.58380197	130.4197465	28.74281855
117.0689346	13.56853094	130.623531	28.56288446
117.1646745	13.55200605	130.8261706	28.38099215
117.2603655	13.53422533	131.0276439	28.19715682
117.3559998	13.51518718	131.2279294	28.01139517
117.4515694	13.4948904	131.4270054	27.82372537
117.5470662	13.47333418	131.6248502	27.63416716
117.6424825	13.4505182	131.8214422	27.44274184
117.7378126	13.42644258	132.0167617	27.24947236
117.8330544	13.401108	132.2107922	27.05438331
117.9282059	13.37451565	132.4035168	26.85750099
118.0232653	13.34666735	132.5949188	26.65885341
118.1182305	13.31756555	132.7849814	26.45847034
118.2130997	13.28721335	132.9736875	26.25638331
118.307871	13.25561461	133.1610201	26.05262568
118.4025425	13.22277396	133.346962	25.8472326
118.4971125	13.18869686	133.5314959	25.64024108
118.5915792	13.15338966	133.7146044	25.43169001
118.6859408	13.11685966	133.8962702	25.22162013
118.7801956	13.07911517	134.0764755	25.01007407
118.8743419	13.04016559	134.2552028	24.79709636
118.9683779	13.00002146	134.4324343	24.58273343
119.0623022	12.95869454	134.6081522	24.36703363
119.1561129	12.91619789	134.7823386	24.15004718
119.2498086	12.87254596	134.9549754	23.93182622
119.3433876	12.82775461	135.1260445	23.71242477
119.4368484	12.78184128	135.2955279	23.49189873
119.5301895	12.73482503	135.4634072	23.27030585
119.6234094	12.68672661	135.6296641	23.0477057
119.7165067	12.6375686	135.7942803	22.82415969
119.8094798	12.58737548	135.9572371	22.59973097
119.9023265	12.53617372	136.1185167	22.37448445
119.99503	12.48399189	136.2781102	22.14848672
120.0875613	12.43086077	136.4360165	21.92180604
120.1798914	12.37681341	136.592235	21.69451226
120.2719911	12.32188523	136.7467649	21.46667678
120.3638317	12.2661141	136.8996058	21.23837254
120.4553841	12.2095404	137.0507572	21.00967393
120.5466197	12.15220704	137.2002188	20.78065681
120.6375099	12.09415955	137.3479906	20.5513984
120.7280261	12.03544608	137.4940723	20.32197731
120.8181399	11.97611742	137.6384641	20.09247346
120.907823	11.91622703	137.781166	19.86296804
120.9970472	11.85583101	137.9221784	19.63354353
121.0857844	11.79498812	138.0615017	19.40428357
121.1740064	11.73375974	138.1991362	19.17527303
121.2616854	11.67220985	138.3350827	18.94659787
121.3487935	11.61040496	138.4693418	18.71834518
121.4353029	11.54841409	138.6019143	18.49060311
121.521186	11.48630865	138.7328012	18.26346083
121.6064151	11.42416244	138.8620035	18.0370085
121.6909628	11.36205149	138.9895224	17.81133722
121.7748015	11.30005397	139.1153591	17.586539
121.857904	11.23825012	139.2395148	17.36270667
121.940243	11.17672206	139.3619912	17.13993391
122.0217931	11.11555369	139.4827894	16.91831513
122.1025488	11.05483053	139.6019089	16.69794545
122.1825142	10.99463956	139.7193474	16.47892065
122.2616935	10.93506906	139.8351022	16.26133708
122.3400902	10.87620843	139.94917	16.04529163
122.4177072	10.81814806	140.0615471	15.83088164
122.4945471	10.76097913	140.172229	15.6182048
122.570612	10.7047935	140.281211	15.40735912
122.6459034	10.64968347	140.3884877	15.1984428
122.7204225	10.59574167	140.4940534	14.99155411
122.79417	10.54306088	140.5979019	14.78679135
122.8671462	10.49173384	140.7000264	14.58425267
122.9393511	10.44185306	140.8004199	14.38403596
123.0107841	10.39351069	140.8990749	14.18623874
123.0814443	10.34679827	140.9959834	13.99095796
123.1513305	10.3018066	141.0911373	13.79828992
123.220441	10.25862548	141.1845277	13.60833001
123.2887739	10.21734356	141.2761458	13.42117259
123.3563268	10.1780481	141.3659822	13.2369108
123.4230971	10.14082477	141.4540271	13.05563632
123.4890819	10.10575742	141.5402708	12.87743915
123.5542779	10.07292784	141.6247028	12.70240742
123.6186815	10.04241554	141.7073126	12.53062711
123.682289	10.01429748	141.7880895	12.36218178
123.7451023	9.98864784	141.8670309	12.19715233
123.8071456	9.965537732	141.9441662	12.03561669
123.8684496	9.94503495	142.019533	11.87764952
123.9290461	9.927203704	142.0931703	11.72332193
123.9889679	9.912104366	142.1651184	11.57270123
124.0482489	9.899793216	142.2354185	11.42585057
124.106924	9.890322202	142.304113	11.28282877
124.1650292	9.883738704	142.3712452	11.14368996
124.2226014	9.880085298	142.4368597	11.0084834
124.2796786	9.879399539	142.5010018	10.8772532
124.3362994	9.881713745	142.5637181	10.75003805
124.3925036	9.887054782	142.6250558	10.62687104
124.4483317	9.895443875	142.6850633	10.5077794
124.5038254	9.906896408	142.7437898	10.39278427
124.5590268	9.921421746	142.8012856	10.28190055
124.6139794	9.939023058	142.8576017	10.17513663
124.6687271	9.959697156	142.9127901	10.07249426
124.723315	9.983434339	142.9669039	9.973968326
124.777789	10.01021825	143.0199968	9.879546708
124.8321958	10.04002573	143.0721238	9.789210116
124.8865834	10.07282673	143.1233407	9.702931941
124.9410002	10.10858415	143.1737042	9.620678122
124.9954962	10.14725378	143.2232723	9.542407021
125.0501219	10.1887842	143.2721038	9.468069319
125.104941	10.2331167	143.3202719	9.397607915
125.160045	10.28018523	143.367881	9.330957849
125.2155292	10.32991638	143.4150395	9.268046257
125.2714881	10.38222938	143.4618553	9.208792346
125.3280157	10.43703609	143.5084358	9.153107421
125.3852057	10.49424115	143.5548878	9.100894934
125.443151	10.553742	143.6013181	9.052050583
125.5019445	10.61542909	143.6478327	9.006462434
125.5616783	10.67918598	143.6945374	8.964011089
125.6224444	10.7448896	143.7415376	8.924569886
125.684334	10.81241047	143.7889383	8.88800514
125.7474384	10.88161294	143.8368441	8.854176416
125.8118479	10.95235557	143.8853592	8.822936843
125.8776527	11.02449138	143.9345875	8.794133465
125.9449424	11.09786832	143.9846322	8.767607627
126.013806	11.17232961	144.0355961	8.743195407
126.0843319	11.24771423	144.0875814	8.720728075
126.156608	11.32385739	144.1406898	8.700032602
126.2307211	11.40059105	144.1950222	8.680932198
126.3067577	11.47774448	144.2506786	8.6632469
126.384803	11.55514485	144.3077585	8.646794188
126.4649414	11.63261784	144.3663602	8.631389648
126.5472564	11.70998837	144.426581	8.616847674
126.6318289	11.78708123	144.488516	8.602982208
126.7186783	11.86372184	144.5521945	8.589607519
126.8077285	11.93973703	144.6175445	8.576539001
126.8988942	12.01495577	144.6844843	8.563593966
126.992089	12.08920987	144.7529309	8.550592405
127.0872251	12.16233471	144.8228002	8.537357707
127.1842138	12.23416982	144.8940068	8.523717351
127.2829647	12.30455957	144.966464	8.509503554
127.3833867	12.37335367	145.040084	8.494553883
127.4853872	12.44040776	145.1147777	8.478711833
127.5888723	12.5055839	145.1904545	8.461827367
127.693747	12.56875104	145.267023	8.443757419
127.799915	12.62978543	145.3443902	8.424366359
127.9072789	12.68857106	145.422462	8.403526424
128.0157401	12.74499999	145.5011431	8.381118105
128.1251987	12.79897268	145.5803369	8.357030508
128.2355538	12.85039829	145.6599459	8.331161667
128.3467033	12.89919492	145.7398711	8.303418823
128.4585442	12.9452898	145.8200125	8.273718666
128.5709723	12.98861954	145.9002693	8.241987539
128.6838823	13.02913017	145.9805393	8.208161604
128.7971683	13.06677734	146.0607195	8.172186964
128.9107231	13.10152631	146.1407059	8.134019755
129.024439	13.13335201	146.2203937	8.093626194
129.1382082	13.16223904	146.2996778	8.050982585
129.251933	13.18818157	146.378461	8.006075295
129.3655244	13.2111833	146.4566526	7.95890068
129.4788949	13.23125734	146.5341639	7.909464987
129.5919582	13.24842602	146.610907	7.85778422
129.7046298	13.26272075	146.6867958	7.803883971
129.8168265	13.2741818	146.7617457	7.747799222
129.9284665	13.28285808	146.8356734	7.689574116
130.0394697	13.28880682	146.9084971	7.629261699
130.1497576	13.29209337	146.9801368	7.56692363
130.2592529	13.29279081	147.0505136	7.502629862
130.3678803	13.29097963	147.1195505	7.436458295
130.4755657	13.28674737	147.1871718	7.368494399
130.5822367	13.28018822	147.2533033	7.298830815
130.6878224	13.2714026	147.3178726	7.227566917
130.7922532	13.26049672	147.3808083	7.154808362
130.8954612	13.24758211	147.4420408	7.080666597
130.99738	13.23277512	147.5015017	7.005258353
131.0979443	13.21619643	147.5591242	6.928705104
131.1970903	13.19797049	147.6148426	6.851132505
131.2947558	13.17822497	147.6685926	6.772669804
131.3908794	13.15709016	147.7203113	6.693449223
131.4854013	13.1346984	147.7699368	6.613605323
131.5782627	13.11118342	147.8174084	6.533274333
131.669418	13.08667968	147.8626791	6.452593465
131.7589147	13.06132175	147.9058012	6.371700203
131.8468438	13.0352436	147.9468723	6.290731596
131.9332959	13.00857799	147.9859904	6.209823585
132.0183614	12.9814559	148.0232529	6.129110371
132.1021307	12.95400592	148.0587574	6.048723819
132.1846936	12.9263538	148.0926007	5.968792915
132.2661398	12.89862196	148.12488	5.889443259
132.346559	12.87092906	148.1556918	5.810796597
132.4260403	12.84338962	148.1851327	5.7329704
132.5046729	12.81611365	148.2132991	5.65607748
132.5825458	12.78920638	148.2402871	5.580225648
132.6597475	12.76276796	148.2661928	5.505517404
132.7363668	12.73689323	148.2911122	5.432049684
132.8124922	12.71167153	148.3151409	5.359913621
132.8882118	12.68718656	148.3383749	5.289194369
132.963614	12.66351621	148.3609096	5.219970946
133.0387867	12.64073255	148.3828406	5.152316128
133.1138181	12.61890169	148.4042634	5.086296374
133.188796	12.59808385	148.4252734	5.021971787
133.2638084	12.57833336	148.445966	4.959396119
133.3389429	12.55969869	148.4664366	4.898616805
133.4142873	12.54222258	148.4867804	4.839675041
133.4899294	12.52594215	148.507093	4.78260589
133.5659453	12.5108891	148.5274583	4.727438435
133.6423552	12.49708986	148.547907	4.674195952
133.719163	12.48456583	148.5684534	4.622896113
133.7963722	12.47333359	148.5891118	4.573551186
133.8739862	12.46340511	148.6098962	4.526168241
133.9520084	12.45478799	148.6308207	4.480749358
134.0304418	12.44748563	148.6518991	4.437291828
134.1092896	12.44149747	148.6731451	4.395788359
134.1885546	12.43681917	148.6945722	4.356227285
134.2682396	12.43344282	148.7161939	4.318592766
134.3483472	12.43135717	148.7380234	4.282864999
134.4288799	12.43054777	148.7600739	4.249020417
134.5098401	12.43099721	148.7823582	4.217031899
134.5912299	12.43268528	148.8048892	4.186868972
134.6730514	12.43558918	148.8276795	4.158498018
134.7553064	12.43968371	148.8507416	4.131882478
134.8379967	12.4449414	148.8740879	4.106983057
134.9211239	12.45133278	148.8977305	4.083757928
135.0046894	12.45882645	148.9216814	4.06216294
135.0886944	12.46738934	148.9459523	4.04215182
135.1731401	12.47698684	148.970555	4.02367638
135.2580274	12.48758298	148.995501	4.006686724
135.3433571	12.49914058	149.0208014	3.99113145
135.4291297	12.51162143	149.0464675	3.976957863
135.5153419	12.52498644	149.0725026	3.964112174
135.6019827	12.5391958	149.0988954	3.952539712
135.6890401	12.55420913	149.1256327	3.942185121
135.776502	12.56998562	149.1527009	3.932992549
135.8643562	12.58648416	149.1800866	3.92490583
135.9525906	12.60366347	149.2077761	3.917868658
136.0411926	12.62148224	149.2357554	3.911824748
136.1301498	12.63989921	149.2640107	3.906717984
136.2194496	12.65887329	149.2925276	3.902492572
136.3090795	12.67836367	149.3212921	3.899093164
136.3990265	12.69832986	149.3502896	3.896464993
136.4892778	12.71873185	149.3795056	3.894553983
136.5798205	12.73953013	149.4089254	3.89330686
136.6706414	12.76068575	149.438534	3.892671248
136.7617274	12.78216044	149.4683165	3.892595764
136.8530652	12.80391659	149.4982577	3.893030097
136.9446414	12.82591737	149.5283422	3.893925082
137.0364425	12.84812672	149.5585547	3.895232767
137.1284549	12.8705094	149.5888795	3.896906467
137.2206649	12.89303102	149.6193008	3.898900816
137.3130587	12.91565806	149.6498028	3.901171806
137.4056224	12.9383579	149.6803692	3.903676823
137.498342	12.96109878	149.7109841	3.906374666
137.5912035	12.98384986	149.741631	3.909225572
137.6842001	13.00658118	149.7722991	3.912191217
137.7773341	13.02926366	149.8029845	3.915234729
137.8706086	13.05186911	149.8336842	3.918320679
137.9640267	13.07437017	149.8643951	3.921415083
138.0575916	13.09674036	149.8951143	3.924485399
138.1513066	13.11895404	149.925839	3.927500517
138.2451748	13.14098643	149.9565666	3.93043076
138.3391996	13.16281357	149.9872945	3.933247867
138.4333842	13.18441236	150.0180202	3.935924995
138.5277321	13.20576056	150.0487416	3.938436702
138.6222465	13.22683676	150.0794565	3.940758939
138.7169311	13.24762043	150.1101628	3.942869045
138.8117891	13.26809187	150.1408587	3.944745729
138.9068242	13.28823231	150.1715423	3.946369064
139.0020399	13.30802384	150.202212	3.947720475
139.0974398	13.32744946	150.2328663	3.948782728
139.1930274	13.34649313	150.2635039	3.949539919
139.2888065	13.36513972	150.2941234	3.949977467
139.3847808	13.38337511	150.3247237	3.950082098
139.4809539	13.40118617	150.355304	3.94984184
139.5773297	13.4185608	150.3858632	3.949246013
139.673912	13.43548799	150.4164007	3.94828522
139.7707046	13.4519578	150.446916	3.94695134
139.8677108	13.46796146	150.4774082	3.945237521
139.9649222	13.4834914	150.5078719	3.943138174
140.0623202	13.49854124	150.5382968	3.940648966
140.1598856	13.51310589	150.5686725	3.937766814
140.2575993	13.52718156	150.5989886	3.93448987
140.3554422	13.54076579	150.6292344	3.930817506
140.453395	13.55385744	150.6593989	3.926750299
140.5514384	13.56645673	150.6894714	3.922290005
140.6495532	13.57856525	150.7194408	3.917439536
140.7477199	13.59018593	150.7492957	3.912202928
140.8459193	13.60132303	150.7790248	3.906585312
140.9441318	13.61198216	150.8086167	3.900592872
141.042338	13.62217021	150.8380597	3.894232808
141.1405184	13.63189536	150.8673421	3.887513292
141.2386534	13.641167	150.896452	3.880443414
141.3367235	13.64999572	150.9253772	3.873033137
141.434709	13.65839323	150.9541058	3.865293233
141.5325902	13.66637232	150.9826253	3.857235226
141.6303476	13.67394678	151.0109233	3.848871325
141.7279614	13.68113133	151.0389873	3.840214352
141.8254118	13.68794153	151.0668046	3.831277673
141.9226791	13.69439371	151.0943624	3.822075111
142.0197435	13.70050484	151.1216477	3.812620867
142.1165851	13.70629247	151.1486475	3.802929431
142.2131871	13.71177457	151.175351	3.793015486
142.3095515	13.71696944	151.2017634	3.782893809
142.4056877	13.72189556	151.227896	3.772579179
142.5016052	13.72657154	151.2537604	3.762086275
142.5973135	13.7310159	151.2793682	3.751429592
142.6928221	13.73524706	151.304731	3.740623354
142.7881407	13.73928318	151.3298607	3.729681441
142.8832787	13.74314208	151.3547691	3.718617312
142.9782459	13.74684113	151.3794681	3.707443941
143.0730519	13.75039719	151.4039697	3.696173757
143.1677062	13.7538265	151.4282861	3.684818584
143.2622187	13.7571446	151.4524293	3.673389599
143.356599	13.76036628	151.4764116	3.661897281
143.4508568	13.76350546	151.5002455	3.650351377
143.5450019	13.76657519	151.5239431	3.638760868
143.6390439	13.76958753	151.5475172	3.627133939
143.7329928	13.77255353	151.5709801	3.615477962
143.8268583	13.77548316	151.5943445	3.603799479
143.9206501	13.77838526	151.6176231	3.59210419
144.0143782	13.7812675	151.6408288	3.580396949
144.1080524	13.78413635	151.6639743	3.568681765
144.2016824	13.78699704	151.6870725	3.556961811
144.2952782	13.78985352	151.7101365	3.545239435
144.3888497	13.79270845	151.7331794	3.533516175
